x	y	type
7	101	1
69	11	2
147	6	2
71	28	2
76	27	2
81	22	2
168	21	2
160	59	2
170	54	2
181	52	2
199	41	2
204	58	2
47	74	2
108	78	2
81	86	2
175	86	2
142	104	2
199	109	2
58	184	2
49	183	2
43	172	2
146	170	2
12	19	3
5	19	3
18	18	3
1	18	3
3	12	3
9	11	3
11	10	3
7	9	3
4	7	3
14	6	3
8	6	3
3	4	3
9	3	3
18	2	3
20	1	3
11	1	3
24	18	3
23	18	3
38	16	3
30	16	3
37	15	3
29	14	3
32	13	3
21	13	3
21	11	3
29	9	3
21	8	3
39	7	3
28	7	3
34	4	3
35	2	3
29	2	3
30	1	3
5	37	3
6	32	3
1	29	3
17	27	3
14	21	3
3	21	3
1	21	3
36	38	3
39	32	3
24	30	3
37	25	3
35	25	3
26	24	3
34	23	3
31	22	3
40	21	3
32	21	3
45	19	3
54	17	3
46	17	3
46	16	3
44	16	3
57	9	3
54	8	3
55	7	3
56	7	3
52	7	3
47	5	3
50	4	3
48	4	3
41	1	3
71	16	3
61	15	3
64	14	3
71	12	3
70	12	3
67	12	3
80	11	3
66	10	3
63	8	3
73	7	3
67	7	3
75	5	3
62	2	3
79	1	3
70	1	3
62	1	3
97	18	3
94	17	3
81	15	3
89	13	3
89	11	3
99	9	3
89	9	3
92	8	3
87	8	3
88	5	3
99	2	3
82	2	3
109	19	3
117	15	3
119	14	3
108	14	3
113	13	3
118	12	3
119	11	3
117	11	3
108	11	3
103	6	3
113	5	3
111	5	3
109	1	3
132	19	3
125	19	3
122	17	3
137	15	3
121	14	3
136	12	3
128	12	3
135	7	3
126	6	3
127	4	3
122	2	3
157	20	3
143	20	3
148	19	3
153	18	3
151	17	3
147	17	3
149	15	3
158	9	3
150	6	3
157	4	3
173	19	3
164	17	3
179	15	3
169	15	3
164	15	3
171	12	3
178	9	3
165	9	3
167	5	3
184	20	3
196	19	3
183	18	3
181	17	3
194	16	3
191	16	3
194	13	3
191	13	3
189	13	3
189	7	3
189	5	3
185	4	3
42	19	3
44	35	3
48	34	3
41	31	3
44	30	3
45	29	3
52	27	3
54	25	3
46	23	3
59	22	3
48	22	3
63	38	3
75	32	3
73	31	3
71	30	3
63	25	3
68	23	3
88	39	3
100	36	3
94	35	3
98	34	3
91	34	3
88	34	3
85	34	3
93	33	3
82	33	3
92	32	3
89	29	3
99	25	3
84	24	3
106	39	3
113	38	3
115	37	3
111	35	3
115	33	3
102	30	3
113	29	3
102	28	3
103	23	3
101	23	3
118	22	3
103	22	3
133	37	3
132	36	3
134	35	3
136	27	3
128	26	3
132	24	3
127	24	3
159	39	3
142	39	3
154	34	3
160	30	3
154	30	3
157	29	3
151	26	3
157	25	3
147	25	3
148	23	3
152	21	3
168	40	3
177	37	3
171	37	3
170	36	3
176	29	3
170	29	3
171	28	3
176	27	3
164	27	3
178	25	3
169	24	3
165	24	3
191	38	3
183	35	3
189	33	3
182	32	3
182	29	3
184	27	3
197	24	3
185	24	3
186	21	3
219	34	3
203	32	3
210	29	3
207	29	3
205	27	3
17	58	3
14	57	3
7	57	3
9	56	3
3	53	3
10	48	3
39	56	3
37	54	3
29	53	3
38	52	3
24	52	3
23	50	3
38	48	3
25	47	3
22	47	3
36	43	3
37	42	3
39	41	3
52	58	3
46	58	3
49	57	3
43	57	3
49	53	3
56	51	3
53	47	3
55	46	3
49	44	3
59	43	3
132	59	3
124	57	3
123	51	3
130	49	3
127	49	3
135	44	3
139	42	3
151	56	3
142	53	3
157	48	3
156	45	3
145	43	3
142	43	3
141	41	3
176	58	3
164	58	3
172	55	3
177	53	3
171	53	3
177	51	3
171	51	3
175	48	3
170	47	3
176	43	3
174	42	3
199	58	3
187	53	3
197	52	3
189	49	3
187	48	3
195	44	3
189	44	3
186	44	3
212	59	3
220	58	3
209	55	3
211	54	3
206	52	3
217	51	3
212	42	3
208	42	3
9	20	3
9	77	3
11	76	3
2	76	3
1	76	3
9	74	3
12	71	3
17	66	3
8	65	3
11	64	3
7	63	3
10	62	3
12	61	3
2	61	3
39	79	3
38	77	3
30	75	3
37	74	3
34	73	3
32	73	3
21	72	3
29	71	3
39	70	3
38	68	3
25	68	3
31	62	3
34	61	3
56	77	3
48	73	3
41	71	3
41	69	3
45	68	3
42	66	3
56	62	3
47	62	3
41	61	3
75	79	3
61	79	3
73	75	3
74	72	3
69	72	3
65	72	3
69	69	3
77	67	3
67	66	3
63	63	3
77	61	3
99	78	3
82	78	3
86	75	3
91	70	3
88	70	3
98	69	3
97	68	3
82	68	3
89	67	3
93	64	3
99	62	3
111	79	3
111	71	3
101	71	3
105	70	3
119	66	3
114	66	3
136	78	3
128	76	3
122	72	3
132	69	3
127	67	3
139	66	3
128	66	3
137	64	3
135	61	3
154	79	3
149	73	3
147	73	3
142	68	3
157	67	3
148	65	3
157	63	3
148	63	3
166	69	3
162	69	3
178	67	3
169	64	3
161	64	3
162	61	3
194	80	3
183	79	3
185	75	3
197	73	3
189	73	3
194	71	3
192	71	3
190	65	3
186	64	3
184	64	3
184	62	3
201	80	3
201	78	3
211	74	3
202	71	3
211	69	3
204	67	3
212	61	3
12	91	3
15	86	3
11	81	3
39	100	3
24	95	3
30	94	3
22	86	3
38	84	3
23	84	3
33	82	3
37	81	3
47	100	3
60	98	3
41	97	3
60	94	3
41	94	3
48	91	3
49	89	3
46	89	3
60	84	3
53	84	3
42	83	3
61	99	3
75	97	3
73	94	3
69	94	3
74	93	3
61	91	3
71	90	3
64	90	3
70	89	3
80	88	3
73	88	3
71	86	3
68	84	3
64	83	3
70	81	3
83	100	3
100	99	3
98	99	3
93	98	3
92	97	3
91	92	3
86	92	3
89	91	3
87	87	3
90	86	3
112	95	3
104	95	3
116	94	3
117	89	3
110	84	3
138	96	3
126	96	3
127	95	3
138	94	3
133	91	3
137	87	3
133	86	3
136	82	3
140	81	3
146	98	3
151	97	3
155	95	3
149	89	3
142	87	3
147	86	3
149	82	3
153	81	3
148	81	3
173	96	3
162	95	3
178	92	3
162	85	3
199	99	3
191	99	3
186	99	3
193	98	3
186	94	3
188	92	3
202	99	3
219	98	3
209	96	3
202	95	3
214	93	3
209	92	3
202	92	3
209	88	3
201	88	3
204	85	3
204	19	3
206	16	3
213	12	3
208	12	3
218	5	3
217	3	3
217	1	3
212	1	3
64	59	3
77	58	3
75	57	3
68	57	3
62	57	3
77	49	3
65	45	3
69	42	3
62	42	3
81	60	3
87	55	3
87	52	3
82	48	3
89	47	3
83	46	3
81	46	3
86	42	3
108	60	3
118	58	3
120	52	3
109	52	3
118	44	3
117	43	3
10	120	3
1	120	3
3	117	3
12	116	3
8	114	3
12	110	3
10	102	3
30	115	3
38	111	3
58	119	3
52	119	3
57	110	3
43	109	3
47	108	3
42	101	3
71	119	3
69	114	3
61	111	3
77	110	3
72	109	3
97	118	3
86	117	3
89	115	3
90	102	3
110	120	3
116	119	3
105	119	3
113	118	3
119	115	3
111	114	3
109	112	3
118	109	3
109	109	3
114	106	3
115	103	3
122	117	3
122	115	3
134	111	3
133	102	3
158	119	3
144	118	3
157	109	3
150	109	3
147	101	3
180	111	3
178	111	3
166	107	3
177	103	3
169	101	3
189	114	3
198	111	3
191	110	3
183	106	3
182	103	3
210	118	3
208	118	3
216	114	3
202	110	3
217	108	3
215	108	3
203	104	3
11	140	3
14	139	3
7	133	3
11	132	3
10	131	3
12	130	3
9	126	3
4	124	3
9	122	3
21	140	3
33	132	3
33	130	3
59	138	3
49	137	3
49	132	3
59	127	3
58	122	3
60	121	3
49	121	3
77	135	3
70	133	3
68	132	3
64	124	3
61	122	3
98	136	3
93	135	3
98	134	3
83	134	3
97	132	3
85	129	3
108	140	3
106	136	3
114	133	3
113	131	3
102	121	3
139	139	3
135	132	3
131	131	3
130	131	3
123	131	3
125	128	3
128	127	3
123	127	3
139	121	3
152	132	3
159	130	3
158	128	3
143	122	3
157	121	3
178	139	3
171	136	3
169	134	3
173	133	3
163	131	3
163	127	3
178	125	3
187	138	3
192	133	3
189	132	3
190	130	3
187	130	3
194	128	3
182	127	3
219	137	3
210	137	3
216	127	3
213	127	3
214	124	3
203	121	3
203	220	3
207	219	3
82	219	3
75	219	3
217	218	3
8	218	3
201	217	3
182	217	3
163	217	3
135	217	3
132	217	3
97	217	3
74	217	3
21	217	3
182	216	3
45	216	3
20	216	3
9	215	3
74	214	3
52	214	3
50	214	3
38	214	3
217	213	3
212	213	3
207	213	3
164	212	3
42	212	3
123	211	3
74	210	3
156	209	3
143	209	3
17	209	3
217	208	3
191	208	3
181	208	3
175	208	3
132	208	3
122	208	3
74	208	3
42	208	3
40	208	3
33	208	3
2	208	3
167	207	3
164	207	3
120	207	3
76	207	3
58	207	3
179	206	3
22	206	3
4	206	3
213	205	3
207	205	3
186	205	3
64	205	3
215	204	3
189	204	3
109	204	3
75	204	3
62	204	3
50	204	3
9	204	3
188	203	3
39	203	3
29	203	3
13	203	3
200	202	3
138	202	3
72	202	3
70	202	3
68	202	3
49	202	3
2	202	3
194	201	3
128	201	3
102	201	3
93	201	3
11	201	3
214	200	3
96	200	3
66	200	3
196	199	3
190	199	3
136	199	3
51	199	3
49	199	3
210	198	3
119	198	3
75	198	3
57	198	3
28	198	3
210	197	3
162	197	3
152	197	3
109	197	3
86	197	3
81	196	3
212	195	3
95	195	3
26	195	3
194	194	3
213	193	3
187	193	3
98	193	3
42	193	3
91	192	3
61	192	3
33	192	3
211	191	3
182	191	3
60	190	3
46	190	3
29	190	3
219	189	3
173	189	3
130	189	3
48	189	3
41	189	3
38	189	3
19	189	3
220	188	3
188	188	3
133	188	3
131	188	3
39	188	3
29	188	3
9	188	3
169	187	3
32	187	3
135	186	3
8	186	3
185	185	3
172	185	3
168	185	3
133	185	3
130	185	3
127	185	3
77	184	3
73	184	3
204	183	3
194	183	3
125	183	3
107	183	3
201	182	3
165	182	3
162	182	3
200	181	3
131	181	3
109	181	3
69	181	3
56	181	3
53	181	3
145	180	3
131	180	3
163	179	3
146	179	3
133	179	3
126	179	3
112	179	3
108	179	3
51	179	3
49	179	3
42	179	3
8	179	3
53	178	3
39	178	3
22	178	3
203	177	3
57	177	3
50	177	3
43	177	3
131	176	3
125	176	3
213	175	3
211	175	3
200	175	3
186	175	3
197	174	3
172	174	3
107	174	3
70	174	3
190	173	3
175	172	3
157	172	3
89	172	3
27	172	3
202	171	3
182	171	3
109	171	3
64	171	3
38	171	3
206	170	3
165	170	3
42	170	3
202	169	3
111	169	3
77	169	3
74	169	3
17	169	3
192	168	3
183	168	3
148	168	3
82	168	3
37	168	3
127	167	3
64	167	3
184	166	3
107	166	3
50	166	3
35	166	3
26	166	3
206	165	3
174	165	3
151	165	3
112	165	3
48	165	3
210	164	3
194	164	3
160	164	3
128	164	3
83	164	3
205	163	3
170	163	3
122	163	3
179	162	3
132	162	3
127	162	3
109	162	3
92	162	3
202	161	3
71	161	3
49	161	3
28	161	3
220	160	3
90	160	3
58	160	3
28	160	3
13	160	3
209	159	3
178	159	3
86	159	3
48	159	3
22	159	3
180	158	3
153	158	3
129	158	3
89	158	3
83	158	3
79	158	3
155	157	3
151	157	3
103	157	3
29	157	3
192	156	3
149	156	3
133	156	3
84	156	3
73	156	3
72	155	3
65	155	3
28	155	3
203	154	3
138	154	3
115	154	3
48	154	3
6	154	3
211	153	3
208	153	3
193	153	3
190	153	3
152	153	3
131	153	3
102	153	3
206	152	3
189	152	3
90	152	3
56	152	3
210	151	3
204	151	3
214	150	3
207	150	3
52	150	3
219	149	3
189	149	3
90	149	3
203	148	3
108	148	3
105	148	3
192	147	3
129	147	3
79	147	3
193	146	3
182	146	3
119	146	3
109	146	3
107	146	3
86	146	3
44	146	3
29	146	3
211	145	3
169	145	3
71	145	3
56	145	3
199	144	3
131	144	3
59	144	3
140	143	3
29	143	3
19	143	3
218	142	3
49	142	3
10	142	3
216	141	3
178	141	3
141	141	3
116	141	3
52	141	3
28	141	3
20	141	3
91	95	4
88	95	4
2	19	5
10	11	5
29	19	5
33	16	5
37	14	5
24	8	5
40	2	5
22	2	5
18	39	5
4	39	5
7	37	5
7	30	5
18	28	5
3	26	5
17	22	5
22	39	5
29	33	5
28	32	5
29	29	5
26	29	5
31	27	5
27	21	5
48	18	5
46	18	5
42	12	5
53	6	5
46	6	5
48	5	5
49	2	5
70	2	5
61	2	5
91	20	5
93	12	5
99	5	5
93	3	5
89	3	5
112	13	5
108	10	5
139	19	5
152	18	5
147	11	5
156	4	5
177	19	5
191	18	5
199	11	5
189	10	5
51	20	5
46	19	5
43	19	5
46	18	5
46	36	5
59	35	5
57	22	5
41	22	5
61	30	5
71	29	5
62	29	5
61	28	5
99	37	5
99	33	5
84	23	5
82	21	5
110	36	5
104	36	5
119	24	5
117	23	5
132	32	5
129	32	5
134	31	5
131	28	5
127	27	5
137	24	5
136	23	5
152	33	5
150	31	5
148	21	5
161	39	5
171	36	5
170	22	5
168	22	5
182	40	5
193	39	5
184	39	5
193	37	5
191	37	5
197	34	5
199	32	5
192	32	5
193	29	5
188	29	5
187	27	5
186	24	5
209	38	5
203	38	5
211	35	5
218	32	5
209	27	5
5	54	5
3	52	5
7	45	5
1	45	5
11	43	5
19	42	5
2	41	5
39	59	5
33	59	5
34	57	5
32	56	5
22	51	5
29	42	5
22	41	5
59	59	5
56	59	5
60	52	5
47	41	5
124	58	5
127	57	5
137	55	5
128	55	5
128	49	5
139	46	5
138	43	5
160	59	5
153	55	5
143	52	5
142	50	5
147	47	5
157	41	5
173	60	5
168	42	5
192	60	5
200	59	5
189	59	5
191	43	5
190	42	5
218	60	5
208	60	5
210	59	5
205	59	5
218	58	5
220	57	5
210	53	5
206	53	5
213	52	5
212	46	5
209	41	5
7	71	5
2	71	5
17	70	5
10	70	5
11	69	5
9	69	5
2	68	5
15	65	5
2	64	5
3	62	5
22	79	5
29	76	5
32	71	5
28	71	5
28	66	5
30	65	5
22	64	5
52	78	5
55	76	5
55	74	5
51	73	5
50	70	5
57	69	5
41	64	5
43	62	5
59	61	5
47	61	5
79	75	5
65	74	5
61	72	5
72	71	5
62	69	5
66	68	5
73	64	5
62	62	5
98	77	5
94	75	5
92	70	5
107	73	5
116	72	5
109	72	5
115	71	5
118	69	5
113	69	5
111	61	5
131	76	5
137	66	5
133	64	5
129	63	5
141	77	5
142	74	5
142	71	5
159	61	5
144	61	5
179	75	5
172	75	5
179	71	5
167	71	5
166	70	5
198	80	5
192	77	5
188	77	5
183	77	5
197	76	5
200	72	5
193	70	5
193	68	5
200	61	5
208	79	5
208	76	5
201	74	5
217	73	5
217	71	5
209	70	5
207	63	5
201	63	5
203	62	5
19	100	5
7	100	5
11	98	5
2	98	5
8	97	5
13	92	5
6	90	5
11	83	5
10	82	5
23	99	5
31	95	5
30	90	5
31	88	5
59	100	5
57	100	5
43	100	5
60	95	5
47	91	5
48	87	5
51	86	5
72	100	5
72	98	5
79	96	5
76	96	5
62	89	5
90	97	5
100	94	5
106	90	5
89	84	5
81	84	5
100	82	5
101	95	5
102	92	5
104	91	5
109	89	5
101	87	5
107	85	5
101	84	5
106	81	5
140	100	5
131	100	5
130	97	5
130	95	5
145	95	5
152	94	5
148	93	5
151	87	5
180	100	5
168	84	5
197	99	5
200	97	5
193	97	5
198	93	5
200	90	5
200	88	5
188	85	5
198	84	5
191	83	5
200	82	5
196	81	5
213	99	5
212	95	5
208	95	5
216	94	5
211	94	5
208	92	5
203	92	5
206	90	5
204	90	5
202	89	5
215	88	5
217	84	5
201	84	5
210	83	5
201	81	5
211	14	5
202	13	5
209	7	5
71	55	5
67	54	5
62	53	5
67	51	5
61	44	5
111	60	5
109	50	5
107	50	5
116	46	5
103	43	5
11	116	5
11	112	5
5	112	5
15	110	5
11	108	5
4	108	5
13	107	5
10	103	5
22	119	5
21	110	5
26	105	5
23	101	5
53	119	5
57	118	5
48	117	5
57	116	5
59	112	5
60	109	5
49	104	5
50	102	5
60	101	5
51	101	5
79	116	5
64	116	5
61	115	5
65	110	5
61	110	5
75	106	5
73	106	5
69	106	5
72	104	5
65	102	5
87	110	5
81	106	5
87	105	5
88	104	5
94	103	5
117	116	5
110	112	5
119	110	5
109	107	5
108	106	5
106	101	5
130	118	5
135	113	5
128	112	5
126	109	5
124	109	5
130	107	5
129	105	5
130	104	5
132	101	5
126	101	5
157	115	5
143	112	5
172	119	5
177	113	5
180	108	5
181	117	5
186	114	5
197	109	5
181	101	5
216	113	5
209	105	5
202	105	5
216	101	5
213	101	5
32	139	5
27	139	5
26	134	5
40	133	5
32	131	5
27	131	5
40	130	5
35	129	5
40	122	5
43	140	5
59	139	5
52	135	5
41	133	5
55	131	5
45	130	5
56	129	5
43	122	5
56	121	5
64	139	5
73	138	5
78	137	5
67	136	5
62	135	5
68	134	5
80	132	5
74	131	5
80	130	5
62	128	5
64	126	5
66	123	5
85	137	5
98	135	5
81	132	5
89	129	5
84	124	5
87	121	5
117	140	5
120	138	5
102	129	5
121	138	5
138	137	5
134	136	5
126	136	5
124	132	5
137	131	5
124	129	5
159	140	5
154	137	5
141	136	5
145	133	5
146	128	5
159	121	5
163	140	5
161	138	5
165	136	5
161	124	5
176	123	5
191	139	5
191	128	5
192	121	5
207	140	5
205	127	5
211	123	5
206	123	5
217	220	5
45	220	5
41	216	5
7	213	5
149	212	5
68	212	5
182	210	5
7	210	5
4	209	5
62	208	5
73	207	5
70	206	5
23	206	5
10	206	5
99	204	5
34	204	5
101	203	5
48	203	5
11	203	5
170	202	5
143	202	5
164	201	5
34	201	5
165	200	5
143	200	5
34	200	5
5	200	5
153	199	5
141	199	5
76	199	5
147	198	5
105	198	5
158	197	5
41	197	5
138	196	5
133	196	5
130	196	5
72	196	5
2	196	5
51	195	5
2	195	5
177	194	5
125	194	5
170	193	5
152	193	5
90	193	5
22	193	5
15	193	5
3	193	5
180	192	5
102	192	5
79	192	5
53	192	5
20	192	5
170	191	5
148	191	5
64	191	5
166	190	5
105	190	5
100	190	5
73	190	5
116	189	5
86	189	5
70	189	5
13	189	5
6	189	5
111	188	5
68	188	5
112	187	5
2	187	5
154	186	5
167	184	5
161	184	5
145	184	5
38	184	5
191	183	5
172	183	5
160	183	5
14	182	5
167	181	5
165	181	5
141	181	5
140	181	5
37	180	5
161	179	5
158	179	5
110	179	5
14	179	5
178	178	5
160	178	5
161	177	5
149	176	5
106	176	5
5	176	5
171	175	5
159	175	5
156	175	5
169	174	5
162	174	5
99	174	5
168	173	5
149	173	5
147	173	5
96	173	5
58	173	5
22	173	5
15	173	5
191	172	5
176	172	5
162	172	5
58	172	5
55	172	5
147	171	5
106	171	5
12	171	5
207	170	5
154	170	5
105	170	5
6	170	5
2	170	5
177	169	5
147	169	5
83	169	5
81	169	5
61	169	5
146	168	5
106	168	5
59	168	5
26	168	5
16	168	5
13	168	5
171	167	5
167	167	5
137	167	5
118	167	5
114	167	5
99	167	5
150	166	5
136	166	5
106	166	5
90	166	5
85	166	5
23	166	5
191	165	5
149	165	5
37	165	5
110	164	5
101	164	5
86	164	5
70	164	5
68	164	5
60	164	5
138	163	5
64	163	5
39	163	5
10	163	5
162	162	5
157	162	5
145	162	5
73	162	5
45	162	5
11	162	5
170	161	5
152	161	5
20	161	5
74	160	5
72	160	5
146	159	5
112	159	5
104	159	5
57	159	5
148	158	5
62	158	5
52	158	5
50	158	5
157	157	5
125	157	5
111	157	5
57	157	5
80	156	5
63	156	5
55	156	5
126	155	5
110	155	5
108	155	5
82	155	5
29	155	5
158	154	5
88	153	5
65	153	5
149	152	5
81	152	5
43	152	5
37	152	5
61	151	5
150	150	5
129	150	5
72	150	5
70	150	5
56	150	5
55	150	5
41	150	5
210	149	5
92	149	5
51	149	5
32	149	5
29	149	5
22	149	5
209	148	5
196	148	5
189	148	5
133	148	5
102	148	5
47	148	5
89	147	5
85	147	5
206	146	5
158	146	5
103	146	5
99	146	5
94	146	5
140	145	5
128	145	5
123	145	5
104	145	5
86	145	5
52	145	5
50	145	5
96	144	5
79	144	5
77	144	5
136	143	5
51	143	5
30	143	5
24	143	5
207	142	5
174	142	5
170	142	5
108	142	5
101	142	5
90	142	5
82	142	5
42	142	5
160	141	5
67	141	5
59	141	5
49	141	5
9	15	6
8	29	6
4	29	6
33	38	6
27	26	6
30	22	6
31	21	6
21	21	6
95	19	6
112	18	6
130	15	6
108	35	6
119	29	6
129	35	6
143	29	6
168	39	6
163	34	6
169	28	6
188	37	6
135	56	6
127	47	6
132	43	6
144	55	6
163	52	6
197	50	6
197	47	6
210	48	6
204	47	6
202	44	6
23	66	6
44	71	6
51	67	6
58	65	6
98	74	6
84	68	6
99	64	6
87	64	6
82	64	6
103	76	6
139	71	6
135	70	6
141	72	6
179	76	6
179	62	6
190	67	6
187	63	6
199	61	6
204	76	6
220	71	6
203	70	6
214	63	6
7	94	6
8	89	6
77	83	6
152	91	6
142	82	6
179	86	6
186	87	6
183	83	6
216	6	6
214	5	6
78	58	6
72	47	6
90	58	6
92	49	6
108	53	6
108	49	6
115	47	6
4	102	6
33	117	6
24	105	6
49	113	6
49	106	6
75	101	6
87	111	6
89	109	6
91	106	6
108	104	6
133	116	6
149	120	6
169	116	6
177	107	6
186	120	6
206	102	6
58	125	6
72	123	6
133	125	6
143	121	6
202	159	6
26	157	6
168	155	6
32	206	7
7	19	8
31	29	8
88	6	8
73	39	8
107	27	8
192	38	8
186	27	8
131	47	8
123	42	8
210	55	8
93	69	8
104	70	8
180	95	8
189	85	8
203	81	8
114	58	8
145	138	8
177	214	8
31	212	8
160	210	8
35	209	8
184	207	8
100	182	8
68	169	8
44	163	8
162	145	8
84	169	10
161	126	11
136	187	11
198	170	11
38	7	12
153	8	12
181	19	12
106	22	12
145	32	12
163	30	12
20	43	12
132	73	12
182	69	12
182	62	12
212	75	12
209	73	12
143	99	12
17	116	12
29	112	12
65	101	12
106	109	12
190	123	12
110	216	12
146	201	12
143	201	12
139	190	12
143	181	12
168	170	12
8	165	12
174	154	12
3	28	13
49	12	13
70	14	13
79	2	13
92	9	13
89	5	13
106	20	13
119	9	13
107	5	13
111	4	13
123	20	13
137	4	13
157	11	13
148	7	13
148	1	13
169	12	13
169	9	13
45	32	13
56	25	13
90	40	13
92	28	13
120	21	13
112	37	13
106	21	13
103	21	13
137	37	13
131	26	13
125	21	13
178	39	13
161	38	13
162	30	13
173	26	13
14	58	13
17	57	13
59	57	13
60	55	13
50	43	13
53	42	13
131	54	13
147	52	13
177	54	13
176	53	13
179	41	13
198	41	13
201	43	13
1	80	13
99	79	13
104	71	13
204	77	13
12	98	13
1	81	13
65	93	13
91	82	13
106	93	13
135	81	13
152	84	13
159	83	13
143	82	13
161	84	13
179	82	13
200	89	13
209	98	13
201	90	13
205	18	13
61	54	13
75	52	13
82	52	13
81	50	13
114	60	13
38	119	13
33	119	13
37	117	13
35	117	13
93	104	13
87	102	13
108	107	13
111	101	13
138	109	13
166	106	13
164	103	13
192	118	13
215	118	13
7	138	13
12	129	13
38	130	13
49	134	13
76	134	13
68	130	13
112	128	13
111	125	13
121	135	13
145	125	13
147	121	13
162	131	13
173	123	13
204	138	13
201	136	13
220	134	13
220	219	13
168	219	13
95	219	13
13	217	13
95	216	13
23	214	13
7	214	13
136	213	13
55	212	13
23	211	13
184	210	13
104	207	13
15	206	13
23	205	13
191	203	13
190	203	13
191	198	13
176	197	13
181	196	13
24	196	13
191	195	13
88	195	13
89	194	13
219	192	13
146	185	13
55	184	13
209	181	13
94	181	13
44	180	13
209	179	13
68	179	13
200	177	13
149	175	13
91	175	13
66	174	13
110	172	13
9	169	13
12	168	13
123	166	13
199	162	13
194	161	13
61	161	13
197	160	13
61	160	13
39	159	13
202	158	13
122	152	13
112	145	13
211	143	13
201	142	13
41	141	13
36	19	14
21	16	14
26	12	14
26	11	14
24	9	14
34	5	14
59	18	14
56	18	14
49	17	14
54	16	14
59	15	14
45	12	14
57	6	14
142	26	14
185	60	14
138	74	14
158	80	14
174	76	14
182	61	14
157	97	14
163	98	14
117	58	14
16	107	14
12	104	14
17	137	14
8	129	14
184	139	14
4	190	14
126	146	14
3	144	14
19	38	15
71	14	15
81	14	15
93	11	15
92	10	15
120	5	15
125	7	15
166	15	15
192	17	15
53	39	15
41	35	15
69	22	15
113	33	15
105	24	15
128	39	15
152	28	15
144	23	15
53	48	15
156	49	15
147	42	15
179	53	15
161	50	15
15	75	15
49	64	15
112	66	15
155	79	15
178	75	15
182	76	15
13	99	15
121	83	15
164	92	15
192	87	15
205	20	15
108	57	15
30	120	15
31	119	15
29	116	15
80	110	15
61	103	15
149	118	15
158	104	15
169	109	15
166	108	15
220	103	15
28	136	15
31	135	15
30	121	15
42	132	15
107	135	15
167	140	15
177	128	15
168	127	15
169	125	15
182	138	15
183	134	15
200	129	15
192	123	15
203	127	15
27	216	15
85	214	15
32	214	15
85	212	15
174	211	15
111	210	15
108	210	15
82	209	15
23	209	15
120	208	15
205	207	15
194	199	15
159	199	15
130	198	15
19	198	15
213	189	15
127	188	15
19	186	15
121	176	15
199	173	15
86	173	15
46	170	15
104	167	15
103	163	15
45	161	15
126	159	15
195	158	15
133	158	15
72	158	15
70	158	15
167	154	15
169	152	15
143	152	15
32	151	15
67	149	15
16	149	15
9	149	15
11	148	15
15	146	15
114	145	15
48	144	15
4	144	15
102	143	15
204	142	15
167	141	15
71	63	16
70	63	16
113	61	16
19	137	17
89	219	17
16	15	18
3	7	18
33	4	18
14	40	18
13	38	18
4	38	18
12	37	18
14	35	18
15	34	18
12	33	18
9	32	18
9	22	18
31	35	18
29	30	18
45	17	18
42	11	18
57	7	18
93	7	18
93	2	18
112	12	18
109	5	18
132	15	18
149	2	18
188	20	18
191	19	18
185	19	18
182	10	18
192	3	18
191	1	18
60	39	18
42	33	18
60	26	18
88	29	18
82	27	18
102	34	18
114	31	18
120	22	18
133	35	18
150	33	18
156	31	18
179	31	18
196	34	18
195	28	18
184	26	18
191	22	18
207	31	18
4	59	18
4	42	18
35	51	18
22	50	18
27	48	18
40	43	18
52	59	18
44	49	18
121	50	18
132	47	18
160	58	18
143	58	18
145	56	18
153	53	18
147	53	18
152	52	18
161	59	18
161	55	18
176	54	18
169	51	18
182	58	18
186	41	18
204	54	18
216	47	18
16	76	18
8	73	18
3	73	18
19	69	18
12	68	18
16	65	18
1	63	18
36	76	18
33	73	18
54	75	18
73	77	18
74	75	18
77	73	18
91	79	18
93	73	18
114	79	18
112	78	18
113	68	18
139	73	18
134	71	18
169	66	18
166	63	18
192	72	18
183	62	18
209	80	18
203	75	18
2	95	18
1	91	18
58	99	18
46	94	18
50	93	18
43	87	18
84	86	18
85	82	18
82	81	18
101	98	18
110	95	18
113	92	18
102	90	18
117	83	18
140	92	18
131	88	18
141	92	18
172	89	18
169	89	18
169	84	18
199	90	18
193	90	18
183	89	18
185	86	18
210	90	18
216	86	18
208	81	18
211	6	18
73	49	18
97	43	18
114	52	18
101	51	18
9	111	18
14	106	18
48	115	18
80	119	18
72	115	18
70	111	18
87	118	18
81	117	18
85	111	18
90	109	18
88	105	18
131	101	18
156	116	18
177	119	18
167	116	18
212	111	18
19	132	18
28	140	18
29	135	18
53	139	18
46	136	18
46	135	18
55	127	18
66	131	18
67	128	18
109	139	18
124	140	18
130	126	18
147	136	18
157	135	18
143	134	18
152	133	18
142	129	18
162	121	18
191	125	18
210	123	18
23	216	18
4	210	18
70	207	18
82	202	18
33	201	18
144	200	18
37	198	18
179	196	18
161	195	18
13	195	18
33	194	18
18	194	18
175	193	18
143	193	18
81	192	18
98	191	18
67	191	18
29	191	18
26	191	18
21	191	18
1	191	18
63	189	18
103	188	18
154	187	18
73	187	18
174	186	18
90	185	18
76	185	18
29	184	18
38	182	18
155	181	18
142	178	18
167	177	18
166	176	18
34	176	18
146	175	18
117	175	18
10	175	18
16	174	18
10	174	18
169	173	18
122	172	18
197	171	18
152	171	18
32	171	18
76	170	18
24	169	18
14	169	18
175	168	18
23	167	18
215	166	18
117	166	18
142	164	18
139	164	18
161	163	18
12	163	18
5	162	18
163	161	18
143	161	18
194	160	18
163	160	18
157	160	18
144	160	18
140	160	18
107	160	18
153	159	18
143	159	18
141	159	18
79	159	18
5	159	18
3	159	18
142	158	18
27	158	18
106	157	18
98	157	18
171	156	18
129	156	18
110	156	18
121	155	18
97	155	18
79	153	18
185	152	18
146	151	18
89	151	18
28	151	18
157	150	18
161	149	18
95	149	18
49	149	18
171	148	18
27	148	18
178	147	18
33	147	18
16	147	18
150	146	18
35	146	18
124	144	18
91	144	18
54	144	18
68	142	18
169	141	18
124	141	18
6	7	19
39	6	19
39	5	19
33	31	19
153	16	19
195	19	19
67	40	19
118	38	19
122	39	19
185	39	19
32	49	19
140	58	19
126	54	19
218	51	19
217	50	19
79	76	19
159	78	19
192	80	19
182	80	19
195	78	19
220	67	19
194	90	19
192	81	19
183	81	19
65	41	19
166	112	19
169	108	19
173	103	19
203	118	19
203	114	19
103	134	19
105	133	19
119	122	19
166	125	19
182	128	19
195	126	19
183	126	19
182	123	19
165	219	19
180	218	19
181	217	19
125	197	19
139	192	19
142	189	19
193	188	19
189	187	19
209	182	19
188	181	19
117	177	19
77	177	19
78	175	19
208	173	19
33	166	19
124	159	19
192	158	19
172	158	19
78	154	19
186	150	19
85	149	19
219	146	19
184	144	19
1	16	20
14	3	20
24	14	20
7	25	20
85	17	20
85	16	20
92	12	20
52	40	20
62	40	20
76	31	20
140	35	20
6	66	20
27	86	20
101	47	20
101	41	20
72	124	20
108	133	20
128	125	20
169	138	20
161	213	20
26	207	20
67	206	20
4	182	20
99	173	20
168	160	20
11	159	20
8	148	20
149	142	20
90	11	21
90	10	21
124	17	22
82	30	22
124	32	22
134	29	22
127	54	22
35	75	22
55	72	22
56	99	22
77	92	22
118	99	22
101	91	22
105	89	22
116	84	22
112	82	22
214	9	22
94	41	22
58	106	22
100	113	22
88	102	22
113	113	22
9	139	22
99	140	22
104	128	22
113	123	22
173	130	22
168	128	22
212	170	22
119	156	22
164	151	22
198	3	23
195	3	23
197	1	23
118	39	23
214	37	23
210	35	23
205	34	23
215	29	23
209	29	23
124	54	23
145	57	23
145	55	23
217	45	23
90	80	23
89	78	23
97	77	23
93	76	23
97	74	23
89	74	23
88	71	23
118	79	23
102	78	23
101	76	23
127	77	23
152	73	23
146	71	23
147	69	23
149	66	23
151	64	23
32	100	23
32	92	23
27	92	23
35	90	23
26	89	23
29	88	23
32	86	23
33	84	23
28	83	23
48	85	23
45	83	23
66	98	23
62	97	23
84	83	23
92	81	23
89	81	23
110	91	23
106	91	23
108	89	23
120	84	23
119	82	23
139	92	23
123	87	23
123	84	23
143	97	23
144	93	23
157	92	23
154	92	23
146	91	23
154	89	23
204	11	23
204	8	23
109	54	23
118	41	23
14	120	23
10	115	23
12	113	23
31	109	23
29	109	23
40	107	23
32	101	23
59	107	23
66	119	23
66	117	23
62	106	23
66	104	23
155	119	23
150	118	23
151	117	23
217	118	23
202	115	23
206	114	23
206	111	23
209	109	23
212	108	23
12	121	23
54	133	23
59	131	23
59	128	23
61	131	23
62	129	23
75	128	23
70	126	23
67	126	23
71	124	23
138	129	23
144	125	23
148	124	23
216	121	23
153	219	23
118	219	23
59	219	23
146	218	23
55	218	23
154	215	23
149	215	23
65	215	23
140	213	23
63	213	23
158	212	23
137	212	23
112	212	23
151	211	23
133	210	23
117	210	23
113	210	23
138	209	23
143	207	23
32	195	23
30	193	23
208	192	23
201	192	23
107	192	23
211	190	23
108	189	23
206	188	23
212	186	23
200	186	23
98	186	23
109	183	23
215	182	23
212	182	23
210	182	23
205	182	23
102	182	23
102	180	23
206	179	23
206	176	23
130	173	23
125	173	23
132	168	23
94	168	23
128	166	23
95	166	23
67	162	23
96	161	23
96	160	23
127	159	23
67	158	23
124	157	23
71	157	23
105	156	23
24	155	23
167	152	23
69	152	23
22	152	23
64	151	23
115	150	23
170	149	23
110	149	23
69	149	23
113	147	23
169	146	23
63	145	23
70	144	23
161	143	23
160	143	23
18	143	23
141	5	24
10	14	25
13	10	25
3	5	25
9	34	25
1	26	25
21	31	25
44	12	25
104	7	25
123	10	25
150	3	25
172	12	25
200	11	25
42	32	25
84	36	25
81	31	25
87	25	25
118	33	25
105	31	25
118	23	25
114	22	25
139	29	25
130	22	25
122	22	25
142	28	25
168	38	25
185	23	25
193	22	25
204	32	25
202	29	25
204	28	25
28	45	25
55	41	25
122	60	25
134	43	25
200	50	25
182	42	25
204	56	25
205	54	25
9	75	25
15	64	25
6	62	25
27	80	25
44	69	25
70	61	25
85	61	25
122	62	25
142	72	25
161	72	25
212	79	25
208	67	25
15	93	25
9	88	25
28	100	25
47	84	25
77	91	25
64	88	25
77	87	25
105	88	25
155	93	25
156	84	25
189	86	25
202	85	25
211	16	25
69	59	25
75	46	25
82	57	25
97	48	25
115	57	25
118	53	25
101	50	25
114	49	25
108	43	25
118	42	25
5	111	25
71	117	25
114	116	25
105	112	25
139	117	25
140	110	25
149	119	25
147	118	25
141	110	25
156	101	25
195	114	25
184	112	25
207	116	25
207	113	25
19	139	25
17	124	25
34	129	25
45	128	25
41	122	25
67	133	25
76	131	25
65	130	25
63	126	25
68	123	25
83	132	25
104	131	25
109	130	25
106	129	25
105	125	25
118	123	25
133	132	25
130	128	25
142	136	25
147	134	25
180	138	25
168	136	25
166	125	25
179	122	25
198	138	25
189	129	25
211	140	25
212	138	25
214	133	25
205	125	25
201	121	25
205	220	25
113	220	25
125	217	25
212	216	25
163	215	25
143	215	25
119	215	25
206	214	25
202	214	25
123	213	25
62	213	25
59	213	25
188	212	25
182	212	25
205	210	25
31	210	25
103	209	25
213	208	25
114	208	25
175	207	25
172	207	25
14	207	25
2	206	25
217	205	25
122	205	25
53	205	25
157	204	25
17	204	25
34	202	25
21	202	25
208	201	25
204	201	25
203	200	25
36	199	25
118	198	25
13	197	25
46	196	25
207	195	25
166	193	25
36	192	25
209	191	25
206	190	25
128	189	25
203	188	25
194	188	25
177	186	25
23	186	25
26	184	25
199	183	25
133	182	25
45	182	25
206	181	25
207	180	25
39	180	25
11	178	25
155	177	25
193	175	25
136	175	25
125	175	25
193	173	25
45	173	25
48	170	25
78	169	25
66	168	25
134	167	25
72	167	25
99	165	25
74	165	25
93	163	25
40	163	25
188	162	25
54	161	25
55	159	25
93	158	25
45	158	25
118	156	25
92	156	25
60	153	25
14	153	25
198	152	25
179	152	25
124	152	25
182	150	25
174	149	25
89	149	25
14	149	25
185	146	25
148	144	25
185	143	25
2	21	26
60	20	26
71	33	26
153	32	26
22	49	26
155	49	26
179	49	26
40	67	26
39	66	26
52	68	26
41	66	26
96	77	26
118	77	26
106	73	26
106	67	26
131	72	26
152	62	26
172	73	26
172	63	26
35	95	26
61	93	26
120	95	26
121	97	26
135	90	26
123	86	26
147	100	26
141	99	26
171	100	26
181	82	26
53	112	26
67	118	26
116	105	26
139	114	26
129	111	26
167	135	26
184	124	26
199	220	26
38	217	26
202	210	26
195	209	26
80	209	26
159	208	26
54	206	26
66	199	26
118	197	26
97	195	26
21	188	26
197	187	26
85	187	26
21	186	26
142	183	26
189	173	26
187	173	26
161	173	26
50	170	26
106	169	26
107	167	26
211	165	26
164	164	26
132	163	26
11	161	26
47	152	26
114	144	26
112	143	26
20	143	26
6	142	27
20	52	28
27	47	28
4	85	28
1	103	28
211	109	28
154	212	28
152	205	28
49	168	28
6	162	28
2	143	29
99	152	30
37	16	31
35	3	31
176	16	31
165	13	31
179	12	31
163	9	31
197	10	31
189	3	31
69	66	31
112	72	31
7	82	31
135	93	31
76	43	31
68	181	31
164	156	31
3	29	32
78	15	32
77	13	32
62	11	32
91	11	32
89	6	32
124	18	32
142	12	32
156	11	32
180	8	32
70	39	32
62	31	32
123	25	32
57	47	32
133	52	32
168	56	32
110	78	32
120	77	32
106	63	32
130	79	32
121	70	32
219	79	32
210	61	32
11	99	32
78	90	32
109	90	32
116	86	32
133	92	32
161	97	32
164	93	32
188	89	32
193	85	32
185	83	32
212	90	32
218	82	32
218	15	32
212	8	32
87	53	32
110	55	32
18	114	32
70	115	32
130	110	32
158	115	32
173	115	32
198	103	32
217	109	32
208	102	32
58	129	32
120	130	32
122	132	32
121	130	32
192	131	32
209	135	32
48	220	32
112	217	32
112	214	32
104	213	32
180	212	32
181	211	32
173	209	32
144	208	32
44	204	32
208	203	32
84	203	32
79	202	32
81	201	32
80	200	32
178	199	32
117	198	32
21	197	32
29	196	32
173	194	32
57	193	32
157	188	32
54	187	32
117	183	32
12	183	32
169	182	32
37	178	32
105	177	32
129	175	32
3	174	32
217	169	32
207	167	32
58	166	32
7	163	32
189	159	32
87	159	32
52	159	32
164	155	32
147	155	32
27	154	32
166	147	32
198	146	32
136	146	32
111	143	32
32	20	33
22	1	33
5	39	33
12	27	33
27	23	33
42	19	33
41	5	33
57	3	33
65	15	33
78	3	33
87	19	33
98	8	33
107	7	33
129	2	33
151	16	33
155	4	33
172	9	33
173	6	33
162	3	33
196	3	33
77	36	33
78	25	33
95	24	33
120	36	33
116	28	33
112	27	33
107	24	33
137	35	33
152	34	33
149	33	33
154	32	33
166	39	33
171	35	33
178	30	33
192	33	33
181	21	33
11	44	33
52	51	33
136	55	33
146	56	33
193	58	33
184	47	33
202	52	33
29	74	33
27	68	33
59	75	33
69	73	33
100	71	33
88	69	33
101	72	33
112	64	33
138	73	33
130	72	33
137	63	33
174	75	33
176	68	33
192	69	33
13	100	33
5	95	33
14	83	33
66	91	33
68	86	33
90	99	33
104	96	33
187	94	33
195	92	33
216	87	33
214	17	33
212	15	33
211	13	33
211	7	33
71	49	33
113	56	33
102	49	33
116	48	33
11	106	33
22	106	33
42	119	33
48	113	33
64	102	33
61	101	33
83	112	33
126	114	33
158	117	33
167	120	33
190	117	33
5	130	33
8	125	33
28	126	33
41	124	33
59	122	33
55	122	33
73	128	33
95	140	33
88	132	33
116	136	33
126	124	33
122	122	33
153	137	33
143	136	33
149	126	33
175	137	33
165	122	33
188	127	33
198	126	33
123	218	33
120	217	33
207	215	33
135	214	33
153	213	33
34	213	33
103	212	33
192	203	33
20	197	33
187	196	33
99	193	33
49	193	33
97	192	33
142	191	33
100	189	33
96	189	33
81	187	33
65	182	33
176	180	33
70	176	33
55	175	33
41	175	33
141	173	33
65	173	33
48	173	33
164	172	33
72	171	33
69	170	33
173	167	33
160	165	33
131	165	33
53	163	33
206	159	33
186	159	33
139	159	33
71	156	33
34	156	33
46	154	33
150	153	33
44	152	33
116	148	33
52	143	33
62	141	33
15	16	34
9	10	34
35	11	34
18	38	34
148	4	34
42	25	34
70	28	34
88	33	34
115	29	34
148	37	34
146	34	34
163	29	34
208	28	34
207	25	34
12	59	34
35	56	34
35	44	34
54	58	34
47	47	34
124	52	34
152	58	34
172	43	34
191	42	34
3	72	34
11	68	34
34	77	34
39	61	34
43	67	34
111	66	34
142	76	34
2	89	34
39	99	34
34	96	34
115	97	34
131	93	34
131	91	34
130	91	34
124	84	34
164	99	34
186	96	34
97	47	34
93	46	34
89	42	34
119	52	34
101	49	34
109	44	34
10	116	34
3	114	34
15	111	34
16	108	34
23	118	34
23	106	34
41	117	34
87	113	34
109	119	34
149	116	34
146	106	34
178	114	34
188	118	34
191	109	34
12	139	34
15	131	34
22	140	34
33	125	34
35	122	34
48	136	34
43	127	34
78	127	34
64	127	34
83	123	34
109	134	34
103	131	34
112	125	34
127	138	34
153	139	34
163	123	34
189	125	34
204	122	34
201	220	34
139	218	34
193	217	34
110	217	34
7	216	34
162	211	34
198	209	34
130	209	34
8	209	34
68	207	34
28	205	34
184	201	34
166	199	34
199	195	34
33	195	34
118	193	34
129	192	34
126	192	34
66	188	34
85	186	34
29	186	34
102	184	34
215	177	34
33	177	34
118	174	34
215	172	34
41	171	34
173	169	34
7	169	34
218	168	34
60	168	34
208	167	34
187	166	34
153	166	34
133	161	34
18	161	34
133	160	34
42	159	34
182	156	34
11	156	34
180	155	34
175	155	34
149	155	34
5	153	34
161	152	34
151	152	34
177	149	34
3	149	34
23	147	34
64	145	34
11	145	34
9	143	34
67	142	34
56	142	34
1	142	34
175	141	34
22	3	35
27	1	35
59	19	35
59	9	35
112	196	35
25	10	36
34	3	36
91	8	36
142	18	36
183	13	36
98	24	36
140	30	36
129	29	36
127	23	36
153	23	36
47	45	36
158	45	36
13	77	36
19	68	36
33	77	36
22	76	36
30	72	36
51	64	36
101	79	36
107	74	36
108	66	36
104	66	36
119	63	36
126	75	36
121	64	36
7	97	36
20	87	36
22	87	36
26	84	36
42	97	36
104	98	36
132	82	36
146	93	36
170	100	36
218	94	36
207	88	36
204	84	36
206	11	36
19	114	36
4	114	36
5	109	36
19	105	36
24	119	36
31	118	36
95	106	36
129	112	36
204	105	36
4	134	36
9	132	36
8	123	36
22	125	36
61	123	36
92	133	36
131	132	36
177	129	36
183	135	36
189	130	36
208	125	36
194	220	36
73	219	36
99	218	36
58	215	36
129	214	36
28	212	36
146	210	36
54	209	36
108	208	36
63	208	36
212	206	36
109	206	36
167	202	36
198	199	36
103	199	36
197	196	36
114	196	36
167	194	36
145	193	36
187	188	36
56	188	36
42	188	36
147	186	36
15	185	36
112	184	36
7	182	36
209	175	36
182	172	36
38	168	36
11	166	36
197	165	36
20	159	36
61	157	36
173	156	36
71	153	36
118	152	36
74	144	36
53	142	36
8	16	37
22	34	37
72	19	37
104	15	37
103	13	37
115	11	37
60	32	37
44	25	37
72	38	37
71	34	37
97	25	37
107	38	37
115	32	37
215	39	37
14	53	37
139	55	37
132	48	37
164	58	37
37	80	37
57	75	37
47	72	37
75	65	37
211	62	37
7	83	37
8	81	37
53	83	37
68	90	37
64	85	37
121	81	37
169	88	37
186	95	37
197	82	37
202	19	37
26	114	37
64	115	37
137	112	37
148	104	37
172	120	37
34	131	37
52	132	37
165	126	37
215	220	37
64	219	37
98	214	37
25	213	37
218	212	37
52	210	37
158	203	37
140	203	37
214	198	37
89	187	37
166	186	37
136	181	37
16	179	37
156	176	37
136	174	37
209	169	37
178	165	37
127	165	37
174	164	37
178	163	37
117	158	37
21	155	37
152	154	37
129	153	37
83	153	37
111	149	37
137	148	37
159	142	37
40	32	38
75	6	38
96	10	38
83	4	38
130	9	38
128	8	38
92	24	38
104	30	38
124	24	38
153	34	38
151	29	38
146	25	38
169	40	38
5	60	38
137	60	38
134	53	38
140	43	38
149	57	38
143	57	38
151	55	38
145	53	38
142	42	38
168	51	38
167	50	38
173	47	38
169	41	38
190	54	38
208	43	38
14	66	38
49	62	38
66	64	38
83	62	38
116	74	38
118	68	38
115	66	38
118	62	38
140	79	38
123	62	38
137	61	38
121	61	38
159	72	38
168	73	38
12	100	38
3	97	38
37	86	38
73	96	38
109	86	38
109	82	38
105	81	38
137	90	38
147	81	38
177	97	38
171	96	38
162	89	38
218	96	38
205	84	38
215	82	38
209	17	38
84	60	38
85	57	38
91	53	38
98	51	38
116	59	38
117	54	38
16	118	38
6	113	38
13	101	38
36	118	38
21	101	38
45	115	38
77	115	38
68	105	38
118	105	38
134	115	38
133	105	38
143	107	38
172	108	38
170	103	38
40	140	38
32	140	38
33	138	38
90	139	38
85	138	38
96	135	38
90	133	38
83	133	38
97	122	38
104	140	38
102	130	38
110	129	38
120	124	38
196	127	38
210	215	38
122	209	38
98	209	38
99	202	38
67	199	38
145	192	38
105	192	38
67	188	38
161	187	38
56	187	38
116	186	38
160	185	38
67	182	38
62	179	38
74	172	38
150	165	38
101	165	38
182	163	38
62	161	38
16	161	38
62	159	38
182	157	38
63	157	38
17	157	38
42	156	38
182	154	38
62	152	38
39	149	38
44	147	38
54	145	38
40	141	38
34	141	38
100	15	39
18	52	39
19	50	39
22	97	39
14	107	39
23	105	39
27	183	39
54	173	39
11	151	40
177	182	41
1	6	42
51	65	42
64	76	42
71	68	42
85	67	42
106	72	42
153	79	42
214	70	42
217	63	42
219	62	42
34	89	42
59	90	42
67	84	42
75	82	42
83	94	42
151	81	42
179	100	42
194	98	42
196	94	42
182	90	42
204	93	42
22	110	42
27	104	42
34	103	42
39	102	42
48	119	42
52	116	42
49	116	42
97	115	42
96	109	42
87	107	42
90	104	42
111	111	42
119	108	42
119	105	42
135	107	42
134	105	42
153	109	42
158	103	42
161	110	42
191	103	42
196	102	42
205	107	42
219	106	42
19	127	42
34	139	42
30	133	42
31	132	42
37	129	42
57	140	42
58	137	42
58	132	42
48	127	42
51	125	42
58	123	42
52	122	42
72	137	42
69	136	42
66	135	42
74	132	42
70	132	42
80	126	42
66	124	42
64	122	42
83	136	42
88	123	42
81	121	42
112	138	42
110	127	42
115	126	42
102	122	42
174	127	42
193	138	42
188	128	42
208	134	42
218	129	42
208	129	42
186	219	42
41	219	42
214	218	42
82	218	42
30	218	42
175	217	42
78	216	42
89	215	42
34	215	42
109	214	42
73	214	42
49	214	42
168	212	42
96	211	42
36	208	42
50	207	42
206	206	42
19	205	42
201	203	42
38	203	42
219	202	42
32	202	42
181	201	42
4	200	42
24	199	42
204	197	42
157	192	42
77	190	42
176	189	42
168	189	42
65	189	42
39	189	42
22	189	42
120	187	42
77	186	42
18	186	42
218	185	42
49	185	42
22	184	42
31	181	42
70	180	42
73	174	42
69	174	42
171	173	42
5	173	42
49	172	42
96	170	42
47	170	42
40	170	42
28	168	42
52	166	42
129	165	42
68	165	42
193	162	42
59	162	42
12	161	42
32	159	42
128	158	42
58	157	42
54	155	42
132	154	42
83	154	42
98	153	42
67	153	42
142	148	42
96	148	42
31	148	42
63	147	42
27	147	42
71	146	42
210	145	42
209	144	42
163	144	42
203	143	42
129	143	42
117	142	42
73	142	42
82	158	43
19	20	44
61	19	44
86	19	44
85	18	44
81	11	44
81	10	44
163	2	44
181	13	44
53	40	44
87	37	44
123	33	44
122	32	44
214	33	44
123	48	44
18	63	44
110	59	44
119	51	44
49	112	44
199	190	44
150	163	44
40	151	44
121	150	44
52	19	45
45	6	45
66	20	45
73	17	45
61	13	45
98	15	45
133	8	45
158	20	45
70	29	45
100	34	45
107	32	45
108	22	45
110	21	45
135	22	45
159	37	45
157	37	45
59	48	45
135	54	45
144	41	45
192	59	45
215	48	45
9	62	45
7	98	45
17	89	45
62	82	45
83	91	45
137	96	45
214	97	45
218	90	45
78	52	45
76	45	45
9	118	45
6	106	45
29	119	45
48	102	45
97	114	45
123	106	45
168	113	45
9	123	45
1	122	45
22	136	45
31	126	45
33	121	45
171	140	45
171	134	45
182	129	45
201	128	45
76	220	45
128	218	45
88	207	45
47	206	45
104	186	45
195	185	45
3	178	45
195	174	45
168	171	45
66	170	45
43	167	45
168	163	45
77	157	45
14	144	45
20	20	46
30	17	46
36	10	46
25	9	46
78	7	46
28	97	46
32	90	46
26	88	46
8	19	47
14	17	47
18	16	47
17	15	47
20	14	47
3	6	47
11	5	47
12	2	47
23	16	47
33	14	47
32	12	47
24	7	47
38	6	47
33	3	47
32	2	47
2	38	47
4	33	47
20	29	47
16	28	47
2	27	47
10	23	47
4	23	47
29	39	47
21	39	47
37	37	47
23	37	47
36	34	47
29	32	47
27	30	47
33	24	47
39	21	47
58	18	47
44	17	47
46	12	47
49	5	47
42	4	47
56	2	47
79	12	47
79	11	47
69	9	47
67	8	47
64	3	47
62	3	47
87	20	47
92	19	47
92	15	47
98	12	47
94	9	47
112	17	47
114	16	47
108	6	47
133	13	47
121	8	47
137	5	47
149	11	47
153	7	47
146	3	47
171	14	47
177	12	47
179	7	47
172	6	47
194	12	47
200	9	47
41	18	47
60	30	47
56	27	47
46	26	47
51	23	47
79	39	47
79	35	47
78	32	47
68	32	47
79	21	47
94	39	47
82	37	47
98	35	47
93	28	47
98	27	47
90	25	47
88	24	47
98	23	47
88	21	47
112	39	47
104	32	47
103	24	47
101	21	47
130	38	47
129	34	47
133	26	47
135	24	47
138	22	47
154	35	47
149	34	47
157	33	47
154	31	47
149	29	47
157	22	47
163	39	47
179	35	47
164	33	47
176	30	47
178	29	47
172	29	47
177	23	47
170	21	47
189	27	47
196	26	47
191	21	47
213	35	47
203	35	47
213	33	47
2	60	47
12	57	47
5	48	47
23	53	47
27	50	47
29	46	47
21	44	47
48	59	47
55	55	47
57	45	47
42	42	47
135	58	47
132	54	47
128	53	47
123	53	47
135	49	47
138	45	47
125	45	47
158	59	47
152	54	47
142	52	47
142	44	47
144	43	47
152	42	47
150	42	47
171	59	47
170	56	47
173	55	47
168	49	47
198	56	47
192	52	47
185	45	47
219	53	47
219	41	47
19	75	47
4	74	47
29	79	47
31	72	47
28	69	47
54	72	47
59	71	47
49	70	47
42	61	47
66	75	47
79	74	47
66	70	47
72	69	47
62	63	47
95	78	47
82	74	47
81	74	47
87	71	47
109	70	47
103	69	47
106	68	47
102	67	47
108	63	47
103	61	47
138	80	47
137	76	47
136	70	47
128	65	47
134	64	47
142	78	47
155	75	47
144	70	47
156	69	47
148	64	47
146	64	47
159	62	47
142	62	47
172	76	47
191	78	47
190	66	47
217	79	47
219	73	47
219	70	47
206	66	47
3	100	47
19	83	47
31	100	47
31	94	47
40	90	47
58	98	47
43	96	47
57	93	47
43	93	47
52	88	47
60	86	47
43	85	47
72	99	47
64	94	47
69	85	47
68	82	47
69	81	47
89	96	47
98	88	47
84	88	47
99	81	47
113	83	47
111	83	47
139	99	47
126	92	47
128	91	47
137	84	47
122	83	47
131	81	47
155	99	47
159	94	47
150	94	47
143	92	47
156	89	47
172	94	47
179	91	47
169	91	47
168	83	47
176	81	47
191	91	47
187	91	47
190	85	47
201	94	47
211	86	47
207	86	47
217	16	47
209	16	47
209	14	47
206	13	47
220	10	47
212	9	47
220	5	47
220	4	47
203	2	47
72	60	47
76	57	47
61	56	47
70	51	47
69	47	47
67	44	47
70	43	47
85	42	47
83	42	47
92	41	47
104	59	47
105	58	47
119	56	47
103	56	47
112	46	47
103	44	47
110	43	47
120	42	47
112	41	47
20	120	47
9	120	47
7	120	47
13	119	47
3	120	47
14	116	47
18	113	47
10	112	47
14	111	47
17	108	47
7	105	47
19	102	47
34	120	47
21	119	47
39	118	47
23	110	47
30	109	47
21	103	47
25	102	47
41	119	47
41	116	47
49	109	47
69	116	47
79	115	47
65	113	47
70	107	47
68	106	47
73	103	47
83	116	47
83	113	47
99	107	47
97	104	47
95	104	47
92	103	47
90	103	47
117	117	47
108	115	47
112	109	47
108	108	47
106	108	47
120	102	47
107	101	47
122	119	47
135	118	47
132	115	47
129	109	47
125	108	47
127	105	47
139	102	47
123	102	47
150	120	47
152	113	47
143	113	47
155	112	47
147	108	47
159	107	47
158	102	47
143	102	47
161	118	47
164	112	47
172	110	47
163	110	47
174	109	47
161	109	47
161	106	47
191	116	47
190	115	47
199	104	47
190	103	47
181	103	47
190	102	47
220	120	47
212	120	47
205	119	47
220	118	47
211	114	47
218	107	47
214	104	47
11	133	47
9	130	47
13	123	47
11	123	47
2	122	47
16	121	47
23	140	47
35	138	47
25	135	47
31	134	47
34	133	47
32	129	47
28	129	47
29	127	47
51	139	47
44	135	47
42	134	47
57	131	47
60	127	47
59	121	47
55	121	47
68	137	47
64	135	47
77	131	47
71	130	47
69	130	47
65	122	47
82	139	47
99	131	47
100	129	47
113	139	47
110	139	47
117	138	47
107	136	47
115	131	47
102	131	47
113	130	47
111	124	47
112	123	47
140	139	47
125	137	47
139	136	47
133	136	47
139	134	47
132	133	47
125	132	47
137	129	47
132	125	47
142	137	47
150	135	47
159	134	47
152	134	47
142	132	47
144	130	47
160	129	47
174	137	47
165	133	47
163	133	47
171	124	47
163	121	47
195	137	47
197	132	47
187	132	47
190	128	47
186	126	47
183	123	47
218	138	47
211	133	47
208	128	47
206	126	47
211	124	47
213	122	47
188	220	47
176	220	47
67	219	47
17	219	47
13	219	47
193	218	47
132	218	47
115	218	47
103	218	47
29	218	47
195	217	47
65	217	47
152	216	47
68	216	47
32	216	47
30	216	47
136	215	47
26	215	47
9	214	47
171	213	47
156	213	47
163	212	47
88	212	47
209	211	47
190	210	47
158	209	47
139	209	47
84	209	47
78	209	47
153	208	47
146	208	47
24	208	47
21	208	47
14	208	47
79	207	47
64	207	47
59	207	47
73	206	47
9	206	47
68	205	47
30	204	47
10	204	47
180	203	47
22	203	47
214	202	47
204	202	47
183	202	47
181	202	47
178	202	47
130	202	47
121	202	47
117	202	47
112	202	47
102	202	47
98	202	47
90	202	47
85	202	47
31	202	47
13	202	47
61	201	47
14	201	47
136	200	47
101	200	47
95	200	47
62	200	47
18	200	47
181	199	47
157	199	47
150	199	47
137	199	47
125	199	47
106	199	47
44	199	47
37	199	47
32	199	47
168	198	47
77	198	47
183	197	47
149	197	47
95	197	47
93	197	47
71	197	47
44	197	47
161	196	47
106	196	47
33	196	47
15	196	47
7	196	47
170	195	47
135	195	47
188	194	47
179	194	47
175	194	47
82	194	47
66	194	47
3	194	47
181	193	47
160	193	47
132	193	47
87	193	47
81	193	47
67	193	47
53	193	47
47	193	47
173	192	47
149	192	47
144	192	47
57	191	47
162	190	47
81	190	47
12	190	47
117	189	47
113	189	47
67	189	47
59	189	47
150	188	47
3	188	47
109	187	47
22	187	47
97	186	47
73	186	47
75	185	47
70	185	47
41	185	47
215	184	47
200	184	47
43	184	47
21	184	47
144	183	47
3	183	47
39	182	47
161	180	47
145	179	47
12	179	47
144	178	47
141	177	47
121	177	47
18	177	47
138	176	47
72	176	47
33	176	47
104	175	47
206	174	47
95	174	47
72	174	47
5	174	47
12	173	47
208	172	47
171	172	47
169	172	47
126	172	47
118	172	47
90	172	47
104	171	47
102	171	47
51	171	47
182	170	47
193	169	47
143	169	47
98	169	47
89	169	47
62	169	47
173	168	47
71	168	47
35	168	47
21	168	47
20	168	47
88	167	47
59	167	47
56	167	47
219	166	47
158	166	47
162	165	47
14	165	47
124	164	47
106	164	47
23	164	47
192	163	47
163	163	47
144	163	47
45	163	47
32	163	47
4	163	47
2	163	47
133	162	47
99	162	47
82	162	47
62	162	47
19	162	47
134	161	47
1	161	47
219	160	47
134	160	47
77	160	47
6	160	47
183	159	47
49	159	47
169	157	47
178	156	47
103	156	47
50	156	47
172	155	47
131	155	47
128	155	47
95	155	47
62	155	47
79	154	47
40	154	47
3	154	47
145	153	47
113	153	47
18	153	47
131	152	47
104	152	47
89	152	47
175	151	47
172	151	47
163	151	47
149	149	47
48	149	47
152	148	47
110	148	47
33	148	47
199	147	47
60	147	47
36	147	47
25	147	47
12	147	47
7	147	47
52	146	47
32	146	47
189	145	47
80	145	47
155	144	47
82	143	47
70	143	47
1	143	47
205	142	47
175	142	47
125	142	47
38	142	47
15	142	47
200	141	47
168	141	47
48	141	47
40	23	48
43	3	48
46	2	48
73	18	48
195	20	48
41	34	48
168	23	48
163	23	48
192	29	48
194	27	48
2	53	48
39	52	48
29	44	48
57	55	48
45	53	48
52	49	48
49	42	48
158	51	48
152	51	48
143	49	48
175	57	48
167	52	48
163	51	48
169	49	48
175	45	48
220	60	48
11	79	48
20	76	48
1	62	48
21	75	48
31	74	48
29	72	48
36	65	48
28	65	48
56	65	48
50	64	48
82	72	48
113	71	48
124	77	48
123	61	48
156	73	48
144	69	48
142	69	48
157	62	48
161	63	48
194	77	48
204	69	48
31	90	48
51	85	48
65	86	48
79	82	48
150	92	48
218	87	48
211	87	48
203	3	48
211	1	48
71	60	48
67	56	48
73	53	48
71	51	48
71	47	48
68	45	48
61	45	48
69	43	48
83	59	48
82	51	48
90	44	48
9	109	48
6	101	48
44	120	48
61	118	48
80	105	48
90	118	48
98	113	48
81	107	48
114	111	48
154	118	48
152	116	48
150	103	48
163	111	48
186	111	48
186	103	48
20	127	48
20	121	48
33	134	48
44	137	48
46	128	48
59	126	48
46	121	48
78	136	48
79	126	48
62	125	48
100	139	48
81	135	48
87	129	48
90	127	48
98	124	48
91	123	48
112	139	48
107	139	48
102	139	48
101	137	48
117	134	48
105	129	48
130	138	48
126	133	48
134	131	48
136	123	48
154	135	48
156	130	48
152	130	48
159	127	48
155	127	48
168	140	48
165	139	48
167	131	48
168	129	48
171	128	48
166	128	48
180	121	48
191	140	48
198	133	48
193	130	48
181	121	48
216	134	48
210	131	48
206	129	48
210	220	48
171	219	48
170	219	48
143	219	48
102	219	48
81	217	48
80	217	48
42	216	48
177	215	48
168	214	48
154	214	48
124	214	48
86	214	48
150	212	48
44	212	48
27	212	48
12	212	48
50	211	48
164	210	48
149	209	48
129	208	48
113	208	48
72	208	48
50	208	48
28	208	48
118	206	48
108	206	48
175	205	48
6	205	48
104	203	48
144	202	48
108	202	48
63	202	48
92	201	48
183	200	48
120	200	48
112	200	48
165	199	48
91	197	48
66	197	48
52	197	48
129	196	48
166	195	48
132	195	48
11	195	48
159	194	48
109	194	48
139	193	48
136	193	48
111	193	48
89	191	48
191	190	48
193	189	48
170	189	48
157	189	48
153	189	48
94	189	48
27	189	48
83	188	48
72	188	48
210	187	48
125	187	48
113	187	48
143	186	48
136	185	48
216	184	48
185	183	48
62	183	48
168	182	48
157	181	48
165	180	48
167	179	48
156	179	48
205	178	48
169	178	48
145	178	48
80	176	48
175	175	48
165	175	48
152	175	48
178	174	48
143	174	48
139	174	48
181	173	48
53	173	48
175	171	48
161	170	48
159	170	48
152	170	48
116	170	48
54	170	48
39	169	48
70	168	48
189	167	48
144	166	48
91	166	48
87	166	48
198	165	48
62	165	48
152	164	48
117	164	48
209	163	48
15	163	48
68	161	48
66	160	48
46	160	48
107	159	48
6	159	48
138	157	48
167	155	48
5	155	48
75	150	48
7	150	48
214	148	48
117	148	48
136	147	48
126	147	48
81	147	48
193	144	48
99	142	48
50	142	48
204	141	48
163	141	48
86	141	48
8	18	49
2	14	49
14	8	49
8	2	49
13	1	49
3	30	49
53	16	49
52	12	49
54	11	49
55	9	49
78	9	49
76	9	49
89	14	49
95	7	49
83	3	49
105	10	49
132	9	49
160	8	49
167	12	49
164	5	49
168	4	49
161	2	49
190	8	49
197	4	49
47	37	49
46	27	49
54	26	49
93	23	49
102	39	49
116	38	49
101	30	49
171	32	49
182	35	49
218	39	49
34	59	49
30	56	49
32	52	49
29	52	49
57	43	49
130	56	49
139	48	49
152	55	49
159	53	49
149	46	49
149	45	49
177	52	49
172	49	49
170	48	49
166	47	49
197	58	49
189	50	49
218	41	49
10	79	49
8	71	49
27	73	49
34	70	49
47	79	49
42	79	49
58	77	49
48	77	49
46	74	49
48	64	49
43	61	49
68	63	49
63	62	49
92	68	49
119	77	49
149	75	49
153	74	49
148	68	49
142	67	49
157	64	49
165	71	49
189	72	49
184	69	49
192	67	49
194	66	49
212	69	49
205	68	49
17	97	49
13	85	49
32	82	49
50	100	49
78	93	49
66	85	49
82	96	49
120	88	49
112	88	49
133	98	49
126	98	49
136	90	49
138	83	49
136	83	49
147	87	49
150	84	49
154	82	49
187	100	49
190	90	49
212	92	49
210	18	49
210	13	49
207	12	49
217	10	49
209	9	49
74	60	49
69	49	49
93	59	49
85	52	49
83	44	49
6	118	49
20	116	49
8	115	49
2	103	49
59	117	49
54	112	49
53	106	49
43	106	49
58	103	49
78	119	49
72	113	49
78	109	49
63	108	49
62	102	49
93	101	49
90	101	49
112	115	49
118	108	49
118	102	49
135	104	49
155	109	49
146	104	49
193	115	49
182	104	49
203	107	49
207	105	49
11	137	49
7	127	49
38	138	49
32	133	49
60	136	49
50	135	49
46	133	49
52	129	49
45	126	49
63	124	49
75	122	49
87	136	49
92	128	49
117	137	49
111	131	49
114	129	49
104	127	49
140	140	49
129	132	49
124	128	49
121	125	49
159	132	49
170	140	49
173	137	49
178	134	49
177	133	49
169	133	49
174	131	49
189	133	49
205	135	49
202	133	49
201	219	49
57	217	49
36	217	49
17	217	49
205	215	49
48	215	49
19	215	49
218	214	49
213	213	49
73	213	49
38	213	49
210	211	49
39	211	49
217	210	49
79	209	49
45	209	49
218	208	49
164	208	49
86	208	49
9	208	49
118	207	49
37	207	49
98	206	49
62	206	49
42	206	49
189	205	49
194	204	49
153	204	49
76	204	49
28	203	49
20	203	49
178	201	49
87	201	49
82	200	49
140	199	49
9	199	49
59	198	49
102	197	49
99	197	49
70	197	49
124	196	49
102	196	49
83	196	49
64	196	49
7	195	49
59	194	49
23	194	49
182	193	49
150	193	49
94	193	49
88	193	49
77	193	49
52	193	49
112	192	49
95	192	49
212	191	49
41	190	49
186	189	49
175	189	49
164	189	49
83	189	49
44	189	49
34	189	49
57	188	49
13	188	49
10	188	49
207	187	49
107	187	49
30	187	49
126	186	49
92	185	49
72	185	49
6	185	49
36	184	49
17	184	49
157	183	49
7	183	49
119	182	49
113	182	49
59	182	49
59	180	49
17	180	49
2	180	49
69	179	49
152	177	49
73	177	49
69	177	49
152	176	49
44	176	49
188	175	49
185	175	49
32	175	49
200	174	49
38	173	49
209	171	49
145	171	49
86	171	49
68	171	49
49	171	49
22	171	49
4	170	49
192	169	49
159	167	49
128	167	49
27	167	49
211	166	49
55	166	49
204	165	49
6	165	49
193	164	49
184	164	49
80	163	49
79	162	49
43	162	49
216	161	49
214	161	49
201	161	49
93	161	49
21	161	49
219	159	49
152	159	49
152	158	49
104	157	49
92	157	49
115	156	49
117	154	49
134	152	49
120	151	49
202	149	49
190	149	49
167	149	49
79	148	49
51	148	49
64	147	49
174	145	49
39	145	49
9	142	49
219	141	49
20	39	50
33	37	50
29	36	50
35	35	50
35	33	50
32	32	50
27	29	50
36	28	50
24	23	50
61	18	50
62	15	50
82	18	50
115	1	50
177	14	50
171	13	50
167	9	50
170	8	50
168	3	50
194	18	50
186	12	50
190	9	50
189	4	50
197	3	50
41	37	50
55	36	50
51	36	50
46	33	50
46	28	50
51	24	50
60	21	50
62	32	50
79	28	50
64	21	50
94	38	50
88	30	50
90	29	50
94	23	50
111	26	50
117	25	50
107	25	50
133	40	50
139	36	50
123	29	50
122	23	50
144	32	50
151	27	50
161	40	50
169	39	50
168	37	50
173	36	50
173	34	50
176	32	50
174	23	50
165	22	50
199	40	50
191	40	50
189	39	50
182	39	50
188	38	50
194	36	50
184	35	50
181	27	50
183	25	50
197	23	50
187	23	50
187	21	50
210	33	50
20	58	50
18	56	50
25	60	50
33	58	50
28	55	50
21	51	50
40	50	50
34	49	50
31	45	50
29	45	50
50	58	50
51	48	50
60	46	50
51	45	50
42	44	50
52	43	50
140	52	50
131	52	50
139	44	50
136	44	50
136	42	50
156	58	50
155	46	50
167	55	50
175	44	50
170	42	50
188	54	50
199	52	50
193	43	50
181	42	50
211	51	50
216	53	50
204	52	50
206	50	50
207	43	50
204	41	50
9	64	50
37	79	50
32	78	50
26	71	50
45	70	50
59	68	50
46	68	50
59	66	50
47	63	50
61	71	50
79	70	50
66	67	50
89	79	50
89	76	50
81	71	50
82	69	50
117	80	50
117	75	50
121	75	50
188	70	50
194	68	50
8	90	50
19	88	50
34	95	50
23	92	50
22	90	50
56	87	50
75	94	50
78	87	50
62	87	50
76	82	50
72	82	50
83	97	50
99	88	50
106	98	50
102	89	50
113	81	50
159	88	50
162	98	50
162	96	50
194	96	50
183	87	50
181	85	50
220	94	50
207	19	50
212	18	50
219	17	50
220	13	50
220	11	50
206	9	50
217	6	50
209	5	50
72	54	50
62	54	50
70	48	50
68	47	50
63	43	50
87	59	50
96	55	50
100	53	50
104	48	50
113	45	50
111	42	50
33	101	50
60	115	50
55	114	50
45	111	50
46	108	50
46	103	50
76	114	50
61	114	50
65	112	50
66	108	50
64	108	50
80	106	50
76	105	50
79	101	50
88	115	50
94	113	50
81	106	50
101	113	50
101	111	50
131	120	50
140	116	50
138	114	50
158	120	50
141	117	50
141	115	50
159	104	50
199	112	50
192	110	50
188	110	50
9	128	50
9	125	50
54	132	50
48	131	50
49	130	50
49	126	50
71	134	50
69	133	50
64	131	50
97	128	50
99	126	50
102	127	50
122	138	50
135	135	50
134	129	50
136	127	50
138	125	50
130	124	50
132	122	50
130	122	50
150	136	50
151	135	50
150	132	50
158	121	50
164	130	50
205	132	50
201	129	50
216	128	50
156	220	50
192	219	50
128	219	50
157	217	50
160	215	50
94	215	50
168	213	50
44	213	50
132	212	50
125	211	50
97	209	50
169	208	50
128	208	50
117	208	50
162	207	50
147	205	50
117	204	50
91	204	50
172	203	50
89	203	50
192	201	50
199	200	50
192	200	50
172	200	50
116	199	50
195	198	50
166	196	50
110	194	50
68	193	50
152	192	50
96	190	50
37	190	50
212	189	50
212	187	50
84	186	50
48	186	50
202	184	50
18	184	50
114	182	50
204	181	50
48	181	50
47	180	50
203	179	50
30	179	50
209	178	50
13	176	50
18	174	50
113	173	50
133	172	50
30	172	50
17	172	50
179	170	50
153	169	50
92	169	50
153	167	50
94	167	50
133	166	50
175	165	50
185	164	50
218	163	50
58	163	50
209	162	50
4	162	50
212	160	50
33	157	50
160	156	50
210	154	50
51	153	50
32	153	50
162	152	50
199	151	50
144	150	50
111	150	50
187	149	50
50	147	50
135	146	50
8	3	51
33	20	51
24	13	51
22	12	51
29	8	51
2	39	51
16	37	51
19	24	51
22	38	51
39	29	51
22	28	51
23	23	51
39	22	51
33	22	51
79	19	51
80	12	51
80	10	51
73	4	51
75	2	51
73	2	51
82	17	51
82	13	51
97	3	51
119	6	51
103	4	51
113	3	51
112	2	51
113	1	51
132	12	51
133	10	51
153	12	51
152	10	51
166	14	51
167	8	51
166	6	51
54	33	51
57	29	51
42	29	51
76	39	51
71	39	51
67	31	51
76	28	51
67	28	51
64	24	51
72	21	51
89	35	51
81	34	51
130	40	51
131	39	51
125	27	51
147	32	51
142	27	51
168	32	51
169	29	51
173	24	51
198	36	51
189	35	51
207	23	51
11	58	51
10	54	51
18	49	51
12	49	51
25	59	51
22	58	51
27	56	51
122	43	51
128	42	51
154	59	51
177	58	51
168	45	51
189	55	51
199	43	51
9	79	51
19	72	51
20	70	51
19	62	51
22	72	51
35	70	51
58	79	51
43	78	51
57	64	51
68	78	51
65	75	51
76	74	51
116	67	51
116	65	51
103	65	51
133	80	51
137	78	51
129	77	51
127	72	51
136	65	51
152	78	51
149	77	51
152	68	51
141	66	51
175	67	51
200	78	51
194	69	51
19	93	51
15	85	51
22	93	51
23	88	51
36	85	51
49	98	51
53	94	51
41	89	51
59	81	51
68	96	51
99	92	51
82	89	51
82	86	51
119	99	51
111	94	51
118	92	51
115	87	51
121	92	51
134	82	51
159	99	51
152	82	51
173	100	51
169	99	51
163	99	51
183	95	51
199	94	51
199	85	51
218	100	51
219	99	51
207	98	51
204	9	51
203	7	51
207	5	51
211	2	51
74	54	51
72	43	51
98	58	51
81	53	51
96	51	51
82	49	51
118	47	51
18	119	51
29	117	51
29	108	51
37	105	51
52	115	51
50	115	51
42	112	51
54	103	51
43	102	51
73	117	51
75	113	51
119	120	51
112	119	51
119	112	51
112	105	51
111	103	51
123	113	51
133	110	51
137	108	51
128	102	51
174	101	51
167	101	51
189	120	51
186	115	51
188	112	51
217	113	51
202	113	51
218	103	51
206	101	51
18	129	51
2	128	51
13	127	51
38	137	51
28	132	51
29	129	51
39	128	51
21	127	51
29	125	51
35	124	51
28	123	51
58	133	51
43	133	51
53	126	51
72	139	51
70	138	51
61	130	51
93	138	51
82	125	51
88	124	51
82	122	51
105	131	51
117	128	51
132	127	51
122	121	51
147	129	51
144	124	51
172	132	51
167	132	51
171	130	51
175	129	51
173	127	51
206	138	51
202	137	51
218	135	51
219	133	51
204	133	51
210	129	51
213	128	51
214	220	51
100	220	51
132	219	51
70	219	51
52	219	51
98	218	51
92	218	51
77	218	51
26	218	51
16	218	51
159	217	51
129	217	51
217	216	51
105	216	51
85	216	51
81	216	51
80	216	51
10	216	51
116	215	51
67	215	51
83	214	51
69	214	51
132	213	51
101	213	51
91	213	51
21	213	51
20	213	51
6	213	51
58	212	51
122	211	51
99	211	51
198	210	51
57	210	51
172	209	51
168	209	51
134	209	51
125	209	51
118	209	51
107	209	51
92	209	51
67	209	51
36	209	51
194	208	51
103	208	51
64	208	51
203	207	51
198	207	51
170	207	51
130	207	51
97	207	51
63	206	51
24	206	51
203	205	51
170	205	51
116	205	51
109	205	51
217	204	51
200	204	51
129	204	51
133	203	51
121	203	51
202	202	51
192	202	51
60	202	51
57	202	51
189	201	51
174	201	51
131	201	51
26	201	51
26	200	51
53	199	51
30	199	51
220	198	51
198	198	51
174	198	51
112	195	51
110	195	51
31	194	51
29	194	51
218	192	51
143	192	51
130	192	51
25	192	51
27	191	51
18	191	51
132	190	51
127	190	51
147	189	51
182	188	51
180	188	51
116	188	51
16	188	51
78	187	51
130	186	51
47	186	51
68	185	51
198	184	51
131	184	51
11	184	51
175	183	51
171	183	51
113	183	51
83	183	51
65	183	51
1	183	51
170	182	51
98	182	51
58	182	51
52	182	51
23	182	51
24	180	51
3	179	51
202	178	51
128	177	51
87	177	51
84	177	51
30	176	51
199	175	51
151	175	51
112	175	51
114	174	51
152	173	51
133	173	51
202	172	51
109	172	51
95	172	51
29	172	51
132	171	51
31	171	51
202	170	51
130	170	51
122	169	51
32	168	51
30	168	51
129	167	51
49	165	51
30	165	51
177	164	51
163	162	51
32	162	51
178	160	51
176	159	51
95	158	51
213	156	51
209	156	51
97	156	51
145	155	51
49	154	51
33	154	51
197	153	51
139	152	51
46	152	51
203	151	51
199	150	51
165	150	51
142	150	51
137	150	51
140	149	51
42	149	51
37	148	51
115	147	51
48	147	51
147	146	51
93	146	51
109	144	51
88	143	51
152	142	51
92	142	51
150	141	51
68	9	52
66	7	52
105	29	52
106	27	52
119	23	52
181	37	52
1	54	52
7	50	52
18	44	52
46	140	52
42	139	52
72	132	52
71	128	52
122	179	52
213	170	52
220	143	52
151	11	53
17	14	54
5	14	54
22	16	54
33	12	54
36	31	54
75	19	54
64	18	54
62	18	54
87	18	54
135	4	54
157	3	54
75	21	54
181	40	54
9	60	54
54	57	54
148	41	54
211	55	54
64	79	54
27	97	54
27	94	54
36	86	54
70	97	54
62	96	54
67	87	54
65	87	54
89	83	54
202	3	54
33	114	54
36	112	54
38	110	54
53	107	54
73	116	54
117	120	54
116	116	54
200	111	54
199	110	54
198	109	54
28	127	54
48	135	54
81	134	54
104	137	54
115	128	54
119	121	54
150	140	54
150	129	54
205	133	54
217	132	54
106	215	54
88	214	54
32	213	54
106	212	54
161	208	54
15	207	54
171	206	54
13	206	54
57	205	54
204	204	54
206	203	54
110	202	54
79	200	54
218	199	54
18	195	54
189	194	54
9	192	54
114	189	54
117	186	54
88	183	54
85	182	54
92	173	54
20	171	54
144	169	54
40	167	54
171	166	54
41	166	54
90	163	54
19	161	54
17	160	54
1	159	54
191	144	54
9	13	55
106	3	55
134	18	55
188	39	55
132	77	55
148	116	55
142	116	55
149	113	55
151	204	55
96	179	55
31	164	55
37	162	55
30	160	55
35	153	55
33	15	56
39	12	56
53	17	56
17	30	57
16	24	57
14	22	57
27	40	57
38	22	57
91	19	57
104	11	57
102	10	57
101	9	57
121	15	57
122	7	57
136	6	57
150	5	57
143	4	57
179	19	57
163	4	57
41	23	57
43	21	57
67	36	57
62	35	57
96	26	57
149	32	57
143	23	57
142	22	57
158	21	57
177	33	57
171	21	57
189	29	57
206	40	57
201	37	57
13	52	57
13	43	57
5	43	57
29	49	57
27	43	57
42	53	57
49	46	57
157	54	57
156	53	57
155	47	57
149	47	57
190	52	57
188	43	57
208	56	57
17	79	57
17	78	57
28	67	57
23	67	57
35	66	57
39	62	57
30	61	57
42	75	57
55	71	57
57	70	57
52	63	57
63	74	57
64	73	57
68	71	57
74	68	57
88	78	57
97	64	57
112	77	57
102	72	57
114	70	57
131	78	57
130	77	57
135	69	57
131	63	57
171	79	57
174	70	57
176	65	57
198	74	57
196	73	57
197	69	57
185	61	57
211	71	57
18	99	57
12	90	57
7	87	57
4	84	57
26	83	57
52	99	57
55	98	57
47	97	57
60	82	57
72	83	57
90	92	57
88	87	57
112	98	57
146	99	57
141	82	57
201	95	57
77	60	57
67	55	57
103	50	57
110	48	57
1	110	57
33	109	57
41	115	57
50	107	57
69	108	57
74	106	57
74	101	57
91	114	57
82	112	57
82	109	57
121	102	57
172	114	57
169	114	57
10	138	57
3	127	57
11	126	57
22	126	57
50	123	57
78	140	57
91	125	57
111	138	57
116	135	57
110	123	57
114	122	57
130	134	57
126	125	57
155	138	57
150	134	57
182	132	57
186	121	57
192	217	57
103	217	57
207	216	57
181	215	57
144	212	57
62	211	57
21	211	57
213	210	57
100	210	57
177	209	57
51	209	57
53	208	57
217	207	57
210	207	57
176	207	57
112	206	57
210	205	57
73	203	57
101	201	57
77	195	57
70	195	57
130	194	57
72	193	57
198	192	57
114	192	57
51	189	57
168	188	57
47	188	57
45	188	57
25	187	57
185	186	57
69	186	57
54	185	57
94	184	57
2	184	57
82	181	57
83	180	57
66	180	57
32	179	57
86	178	57
184	177	57
101	177	57
100	177	57
186	176	57
206	175	57
166	175	57
18	175	57
165	174	57
150	174	57
27	173	57
101	171	57
157	170	57
137	169	57
66	169	57
48	168	57
164	167	57
112	167	57
21	167	57
163	166	57
110	166	57
20	166	57
55	164	57
99	159	57
216	156	57
135	156	57
113	156	57
106	156	57
100	155	57
108	154	57
154	153	57
1	153	57
218	152	57
39	152	57
217	151	57
65	150	57
164	149	57
70	148	57
190	146	57
129	144	57
198	142	57
46	141	57
68	20	58
126	7	58
12	44	58
21	77	58
129	71	58
38	100	58
6	111	58
38	101	58
95	138	58
107	133	58
101	143	58
21	143	58
19	39	59
32	31	59
169	14	59
107	36	59
105	26	59
143	27	59
168	34	59
172	22	59
169	21	59
10	49	59
128	56	59
177	56	59
101	70	59
108	67	59
204	91	59
71	48	59
92	42	59
199	113	59
141	176	59
29	173	59
60	148	59
211	141	59
40	13	60
17	17	61
14	13	61
14	12	61
12	12	61
11	11	61
19	9	61
19	6	61
18	6	61
17	3	61
12	1	61
34	11	61
21	2	61
10	39	61
19	33	61
1	33	61
16	31	61
10	30	61
23	39	61
32	36	61
22	29	61
25	22	61
60	19	61
48	19	61
55	8	61
43	7	61
52	6	61
41	2	61
73	12	61
64	12	61
68	11	61
67	10	61
64	9	61
82	8	61
99	3	61
86	3	61
85	1	61
103	19	61
119	7	61
158	15	61
153	5	61
169	18	61
165	14	61
163	13	61
175	7	61
182	20	61
191	17	61
197	11	61
187	11	61
182	11	61
184	9	61
186	6	61
185	5	61
198	4	61
181	2	61
60	36	61
53	36	61
52	29	61
48	29	61
41	24	61
79	25	61
98	32	61
85	21	61
120	22	61
116	26	61
132	39	61
123	35	61
155	39	61
146	36	61
156	29	61
148	28	61
157	27	61
141	21	61
171	33	61
162	26	61
186	32	61
200	21	61
208	40	61
18	55	61
7	52	61
3	49	61
9	42	61
33	55	61
38	50	61
39	49	61
39	44	61
33	44	61
45	45	61
43	43	61
132	57	61
136	49	61
21	62	61
59	69	61
129	75	61
145	75	61
184	79	61
196	67	61
212	68	61
91	98	61
93	94	61
87	91	61
90	89	61
110	100	61
113	88	61
148	99	61
167	89	61
161	88	61
174	86	61
182	98	61
189	96	61
194	92	61
208	90	61
219	12	61
218	3	61
79	59	61
64	58	61
5	106	61
26	110	61
68	113	61
71	103	61
91	117	61
85	114	61
89	105	61
118	106	61
137	120	61
128	118	61
134	106	61
180	120	61
180	110	61
168	108	61
197	119	61
182	119	61
181	106	61
213	113	61
18	126	61
195	136	61
214	219	61
2	213	61
74	211	61
209	209	61
25	209	61
185	206	61
137	206	61
125	201	61
57	196	61
18	193	61
58	188	61
174	185	61
215	183	61
104	182	61
151	177	61
109	177	61
43	174	61
196	173	61
160	173	61
205	165	61
13	164	61
188	161	61
81	161	61
194	158	61
32	155	61
52	153	61
123	152	61
195	150	61
101	150	61
64	148	61
155	146	61
143	144	61
137	144	61
132	144	61
209	142	61
74	142	61
125	5	62
163	12	62
174	9	62
72	30	62
154	40	62
178	38	62
170	33	62
149	60	62
155	71	62
149	62	62
215	69	62
38	95	62
17	104	62
160	144	62
155	142	62
56	44	63
214	92	63
28	104	63
5	2	64
1	1	64
93	13	64
93	35	64
94	21	64
142	41	64
175	49	64
193	50	64
78	78	64
118	65	64
23	96	64
66	84	64
110	94	64
174	95	64
195	91	64
95	54	64
13	108	64
188	102	64
37	140	64
34	138	64
31	136	64
146	132	64
161	204	64
208	186	64
206	173	64
89	173	64
51	163	64
212	33	65
93	41	66
105	43	66
9	156	66
103	169	67
8	155	67
16	14	68
102	29	68
141	40	68
154	29	68
124	47	68
134	44	68
88	100	68
91	96	68
97	87	68
112	94	68
142	92	68
9	216	68
2	169	68
42	151	68
