4 7 6.164414 6.324555 6.403124 6.557439 NA NA NA NA 5.744563 6.082763 6.164414 6.164414 5.477226 5.91608 6.164414 6.164414 NA NA NA NA NA NA NA NA 6.244998 6.480741 6.557439 6.63325 6.324555 6.480741 6.557439 6.557439 5.91608 6.164414 6.324555 6.403124
4 8 6.244998 6.63325 6.928203 7 NA NA NA NA 5.830952 6.164414 6.480741 6.557439 5.196152 6.164414 6.557439 6.63325 NA NA NA NA NA NA NA NA 5.385165 6.244998 6.63325 6.63325 5.567764 6.480741 6.63325 6.708204 4.472136 5.385165 6.164414 6.403124
4 2 5.91608 6.708204 7.071068 7.071068 NA NA NA NA 5.385165 5.91608 6.164414 6.403124 2.449490 4.358899 5.09902 5.374257 NA NA NA NA NA NA NA NA 4.795832 6.244998 6.557439 6.78233 6.324555 6.708204 6.78233 6.855655 5.656854 5.744563 6.082763 6.480741
4 3 5.744563 5.91608 5.830952 6.557439 NA NA NA NA 5.477226 5.477226 5.385165 5.830952 2.236068 3.605551 3.872983 4.358899 5.291503 5.09902 5 5.385165 NA NA NA NA 6.082763 6.082763 6.164414 6.324555 6.164414 6.324555 6.480741 6.509153 2.236068 3.872983 5.291503 5.385165
4 4 5.744563 5.830952 5.830952 5.91608 NA NA NA NA 5.567764 5.567764 5.656854 5.656854 4.690416 5 5.09902 5.09902 5.881735 6.694438 6.613781 5.477226 NA NA NA NA 5.567764 6.311566 6.630372 6.672609 5.477226 5.656854 5.656854 5.744563 3.091942 5.385165 5.477226 5.477226
4 5 5.91608 6.164414 6.248464 6.357861 NA NA NA NA 5.291503 5.385165 5.656854 5.830952 3.872983 4.472136 4.472136 4.582576 5.477226 6 5.91608 6.082763 NA NA NA NA 5.477226 5.744563 5.91608 6 5.196152 5.91608 6.082763 6.244998 4.690416 5.385165 5.567764 5.830952
4 6 5.477226 5.656854 5.744563 6.244998 NA NA NA NA 5.291503 5.291503 5.291503 5.477226 4.582576 4.795832 4.690416 4.795832 4.242641 5 5.477226 5.656854 NA NA NA NA 5 5.744563 6 6.324555 5.477226 5.656854 5.477226 5.830952 4.123106 5.09902 5.346845 5.91608
4 7 4.795832 5.385165 6.324555 6.480741 NA NA NA NA 5.567764 5.567764 5.477226 5.656854 2.645751 3.162278 4 4.123106 4.582576 4.898979 5.291503 5.567764 NA NA NA NA 5.830952 6 6 6.244998 5.91608 6.082763 6.403124 6.403124 5.567764 5.567764 5.477226 5.567764
4 8 5.09902 5.385165 5.477226 5.477226 NA NA NA NA 3.872983 4.123106 4.242641 4.123106 3.316625 3.162278 3.162278 3.316625 4.472136 4.898979 4.690416 5.09902 NA NA NA NA 3.605551 4 4.123106 4.242641 3.162278 3.605551 4.123106 4.358899 3 3.316625 3.605551 4.472136
4 2 5.744563 5.830952 6 6.620785 NA NA NA NA 5.196152 5.291503 5.385165 5.567764 4.899368 5.563874 5.638454 4.898979 5.567764 5.567764 5.567764 5.567764 NA NA NA NA 5.477226 5.567764 5.744563 5.91608 5.656854 5.744563 6 6.244998 4.582576 5.09902 5.291503 5.477226
4 3 6.164414 6.480741 6.708204 7 NA NA NA NA 5.291503 5.830952 6 6.324555 4.623689 4.524987 5.188272 6.051962 3.741657 5.196152 6.082763 6.244998 NA NA NA NA 5 6 6.164414 6.480741 5.830952 6.164414 6.403124 6.557439 5.567764 6 6.082763 6.324555
4 4 6.324555 6.324555 6.403124 6.324555 NA NA NA NA 6.244998 6.082763 6.164414 6.164414 5.291503 5.09902 6.263691 6.439225 5.196152 5.477226 5.477226 5.477226 NA NA NA NA 5.656854 5.856318 5.656854 5.744563 6.63325 6.63325 6.557439 6.480741 5.744563 5.744563 5.656854 5.744563
4 5 5.830952 5.830952 6.082763 6.164414 NA NA NA NA 4.242641 4.582576 5.196152 5.385165 3.316625 4.358899 4.472136 4.795832 5.91608 5.91608 5.830952 5.567764 NA NA NA NA 6.63325 6.557439 6.480741 6.480741 6.557439 6.557439 6.480741 6.480741 5.656854 5.830952 5.830952 5.744563
4 6 4.898979 5.567764 6.403124 6.708204 NA NA NA NA 4.690416 5.196152 5.656854 5.91608 4.242641 4.795832 5.385165 5.477226 5.09902 5.385165 6 6.244998 NA NA NA NA 6 6.244998 6.403124 6.480741 5.656854 5.91608 5.744563 5.656854 4.795832 5.196152 5.567764 5.744563
4 7 6.164414 6.324555 6.480741 6.63325 NA NA NA NA 5.744563 6 6.164414 6.164414 5.91608 6 6.082763 6.164414 6.324555 6.403124 6.480741 6.557439 NA NA NA NA 6 6.164414 6.164414 6.082763 6.164414 6.244998 6.324555 6.403124 5.91608 6.082763 6.164414 6.082763
4 8 6.244998 6.324555 6.244998 6.324555 NA NA NA NA 6 6 6.082763 6 6.082763 6.164414 6.324555 6.403124 6.164414 6.403124 6.557439 6.708204 NA NA NA NA 6.082763 6.244998 6.164414 6.164414 6.244998 6.403124 6.480741 6.63325 6.082763 6.324555 6.324555 6.403124
4 2 5.385165 5.744563 5.91608 8.602325 NA NA NA NA 4.690416 5 5.291503 5.385165 3.872983 4.582576 5.505629 6.871232 4.795832 5.196152 5.567764 5.744563 NA NA NA NA 4.690416 5.09902 5.291503 5.385165 5.291503 6 6.164414 6.244998 4.582576 5.09902 5.385165 5.567764
4 3 5.567764 6 6.403124 6.78233 NA NA NA NA 5.09902 5.09902 5.385165 5.744563 4.898979 5 5.385165 5.744563 5.09902 5.385165 5.830952 6.324555 NA NA NA NA 5 5.656854 6.422366 6.947274 5.09902 5.830952 6.324555 6.928203 3.464102 4.795832 5.477226 6
4 4 6.928203 6.63325 6.557439 6.403124 NA NA NA NA 6.78233 6.63325 6.403124 6.403124 6 5.91608 5.567764 5.830952 6.489053 5.291503 5.291503 5.385165 NA NA NA NA 5.477226 5.744563 5.91608 5.91608 6.78233 6.708204 6.78233 6.78233 6.082763 5.567764 5.385165 5.385165
4 5 6.63325 6.78233 6.708204 6.78233 NA NA NA NA 6.324555 6.244998 6.244998 6.244998 5.91608 6 6 6.164414 5.830952 6.082763 6.403124 6.480741 NA NA NA NA 5.830952 5.91608 6.082763 6.324555 5.91608 5.830952 5.91608 5.91608 5.567764 5.744563 5.91608 6
4 6 6.855655 6.855655 6.855655 6.928203 NA NA NA NA 5.744563 5.830952 5.91608 6.164414 3.741657 3.872983 5.477226 6.082763 5.78481 6.944873 5.567764 5.744563 NA NA NA NA 6.082763 6.480741 6.480741 6.480741 6.324555 6.557439 6.78233 7 6 6 6 6
4 7 6.855655 6.855655 6.708204 6.403124 NA NA NA NA 6 6.164414 6.164414 5.91608 6.403124 6.557439 6.480741 6.403124 5.567764 6.324555 6.928203 7.141428 NA NA NA NA 5.91608 5.91608 5.91608 6.244998 6.480741 6.244998 5.91608 5.830952 5.196152 5.385165 5.567764 5.291503
4 8 6.403124 6.403124 6.63325 6.63325 NA NA NA NA 5.656854 5.830952 6.082763 6.244998 5.744563 5.830952 5.744563 5.830952 5.830952 6 6.244998 6.403124 NA NA NA NA 6.164414 6.244998 6.164414 6.164414 5.567764 5.744563 5.830952 6.164414 5.09902 5.385165 5.656854 5.91608
4 2 6.324555 6.557439 6.63325 6.928203 NA NA NA NA 5.385165 5.656854 5.91608 6.082763 4.690416 5.385165 6.022189 6.310249 6 6.082763 6.324555 6.557439 NA NA NA NA 5.656854 6 6.403124 6.63325 5.656854 6.164414 6.403124 6.557439 4.690416 5.477226 5.91608 6.082763
4 3 6.403124 6.557439 6.708204 6.78233 NA NA NA NA 5.567764 6 6.164414 6.244998 4.242641 5.567764 6.403389 6 5.744563 6.244998 6.324555 6.403124 NA NA NA NA 5.477226 6.164414 6.324555 6.557439 6.557439 6.63325 6.557439 6.63325 4.898979 5.830952 6.244998 6.244998
4 4 6.244998 6.63325 6.708204 6.708204 NA NA NA NA 5.744563 6.164414 6.403124 6.324555 5.291503 5.830952 6 6.082763 4.687452 6.324555 6.403124 6.480741 NA NA NA NA 6.082763 6.164414 6.082763 6.082763 5.91608 5.91608 5.91608 6.082763 5.09902 5.477226 5.744563 5.91608
4 5 6.78233 7.141428 7.483315 7.483315 NA NA NA NA 5.291503 5.291503 5.656854 6.082763 1.414214 3 4.795832 5.567764 3 4.795832 6.928203 7.549834 NA NA NA NA 5.91608 6.164414 6.109241 6.78233 6.480741 6.63325 6.855655 7.28011 5.830952 6.082763 6.082763 6.164414
4 6 6.244998 6.164414 6.082763 6.082763 NA NA NA NA 5.477226 5.385165 5.744563 6 4.123106 5.291503 5.656854 5.744563 6.082763 6 6 5.91608 NA NA NA NA 6.082763 6.244998 6.324555 6.324555 6.082763 6.082763 6.082763 6.403124 5.09902 5.744563 5.91608 6.164414
4 7 6.855655 7.071068 7.211103 7.348469 NA NA NA NA 5.291503 6.324555 6.324555 6.63325 3.741657 5.656854 6.480741 6.324555 5.91608 6.63325 7 7 NA NA NA NA 4.582576 6.244998 6.708204 6.708204 6.324555 6.480741 6.78233 6.855655 5 5.477226 5.830952 6.324555
4 8 6.082763 6.164414 6.244998 6.324555 NA NA NA NA 4.898979 5.477226 5.567764 5.744563 5.196152 5.477226 5.830952 6 5.91608 6 6.082763 6.164414 NA NA NA NA 5.291503 5.830952 5.91608 6 5.656854 5.830952 5.91608 6.082763 3.316625 4.898979 5.385165 5.291503
5 2 6.324555 6.244998 6.324555 6.557439 NA NA NA NA 5.385165 5.830952 5.830952 6.164414 5.196152 5.830952 6.872889 6.507942 6.082763 6.324555 6.403124 6.403124 NA NA NA NA 6 6.480741 6.63325 6.855655 5.477226 5.09902 5.567764 6 3 5.196152 5.744563 5.567764
5 3 6.938992 6.52663 6.052925 6.065201 NA NA NA NA 5.385165 6 6 6.164414 2.236068 2.828427 3.741657 4.690416 3 3.741657 6 6 NA NA NA NA 6.082763 6.480741 6.708204 6.708204 4.898979 6.557439 6.708204 6.855655 4.582576 5.656854 6.480741 6.63325
5 4 6.244998 6.708204 6.855655 7.483315 NA NA NA NA 4.690416 5.291503 6.164414 6.855655 4.123106 4.242641 5.744563 6.403124 4.582576 6.201769 6.082763 6.708204 NA NA NA NA 5.656854 6.928203 7.071068 6.976771 6.557439 6.928203 7.211103 7.141428 5.567764 6.082763 6.480741 6.78233
5 5 7.141428 7.211103 7.267292 7.286522 NA NA NA NA 5.91608 6 6.164414 6.708204 3 5.09902 5.953102 6.410025 5.477226 6.324555 6.78233 6.928203 NA NA NA NA 6 6.403124 6.78233 6.855655 5.91608 6.928203 7.071068 7.211103 4.472136 5.567764 6.164414 6.63325
5 6 7.348469 6.928203 6.78233 6.855655 NA NA NA NA 6.324555 6.63325 6.63325 6.480741 4.690416 4.898979 5.09902 5.91608 5.09902 5.830952 6.324555 6.324555 NA NA NA NA 6.082763 7.071068 7.549834 7.615773 6.928203 7 7.211103 7.348469 4.795832 6.413377 6.63325 7
5 7 5.744563 6.244998 6.708204 7.141428 NA NA NA NA 5.09902 5.744563 6.244998 6.63325 6.164414 5.744563 6.082763 6.324555 4.358899 6.244998 6.403124 6.164414 NA NA NA NA 6.244998 6.557439 6.708204 6.855655 6 6.164414 6.480741 6.708204 5.830952 6.244998 6.403124 6.324555
5 8 6.557439 6.855655 6.928203 7.141428 NA NA NA NA 6.164414 6.244998 6.480741 6.557439 6.164414 6.244998 6.244998 6.480741 5.744563 6.244998 6.324555 6.480741 NA NA NA NA 6.324555 6.403124 6.557439 6.78233 6.324555 6.403124 6.557439 6.63325 5.656854 6.164414 6.324555 6.403124
5 2 5.91608 6.082763 6.244998 6.403124 NA NA NA NA 5.291503 5.477226 5.656854 5.744563 5.196152 5.615406 6.050658 6.164414 5.385165 5.477226 5.656854 7.937254 NA NA NA NA 5.477226 5.91608 6.324555 6.557439 5.385165 5.477226 5.567764 5.830952 5 5.291503 5.385165 5.656854
5 3 6.480741 6.78233 6.928203 7.071068 NA NA NA NA 5 5.656854 6.164414 6.480741 4.582576 5.09902 6 6.164414 5.477226 5.830952 6.403124 6.708204 NA NA NA NA 5.477226 6.324555 6.708204 6.708204 5.656854 6.324555 6.557439 6.708204 4.795832 5.385165 5.91608 6.244998
5 4 7.28011 7.348469 7.348469 7.211103 NA NA NA NA 6.78233 7 7.071068 7.071068 5.291503 5.830952 6.164414 6.164414 5.744563 6.436215 6.480741 6.78233 NA NA NA NA 5.09902 6.163404 6.324555 6.855655 7.071068 7 7 7.141428 6.082763 6.082763 6.164414 6.082763
5 5 6.480741 6.480741 6.480741 6.557439 NA NA NA NA 6.082763 6.244998 6.082763 6.082763 4.358899 4.242641 5 5 6.244998 5.91608 5.830952 5.656854 NA NA NA NA 6 6 5.91608 6.082763 6.244998 6.164414 6.082763 6.082763 5.385165 5.291503 5.385165 5.385165
5 6 5.477226 5.477226 5.656854 5.91608 NA NA NA NA 4.582576 4.690416 4.472136 4.795832 3 3.741657 3.605551 4.358899 4 4.690416 5.291503 5.385165 NA NA NA NA 4.690416 4.898979 5.196152 5.830952 5.744563 5.830952 5.830952 6.244998 3.605551 4.358899 4.898979 5.291503
5 7 5.196152 5.830952 6 6.244998 NA NA NA NA 4 4.582576 5.09902 5.291503 4.242641 4.472136 5.291503 5.477226 4.898979 5.09902 5.567764 5.567764 NA NA NA NA 5.196152 5.744563 6.164414 6.324555 6.403124 6.403124 6.324555 6.244998 5.196152 5.291503 5.291503 5.09902
5 8 6.244998 6.403124 6.403124 6.63325 NA NA NA NA 5.477226 5.830952 6.082763 6.244998 5.385165 5.830952 5.91608 5.91608 5.385165 6.082763 6 6.324555 NA NA NA NA 6.082763 6.480741 6.63325 6.708204 6.480741 6.557439 6.78233 7 5.656854 5.830952 6.480741 6.855655
5 2 5.477226 5.291503 5.830952 7.071068 NA NA NA NA 4.123106 3.872983 4.123106 5.196152 3.411565 3.627547 4.96363 5.015808 4.358899 4.472136 4.123106 4.472136 NA NA NA NA 6.557439 6.63325 6.480741 6.244998 6.244998 6.324555 6.480741 6.324555 5.567764 5.567764 5.91608 5.830952
5 3 6.324555 6.78233 7.071068 7.416198 NA NA NA NA 5.291503 5.656854 6.324555 6.78233 3.605551 5 5.830952 6.557439 5.291503 6.244998 6.63325 7.141428 NA NA NA NA 5.744563 6.855655 7.211103 7.211103 6.708204 7.071068 7.211103 7.348469 4.472136 5.744563 6.480741 6.855655
5 4 6.78233 7.141428 7.071068 7.071068 NA NA NA NA 5.09902 5.196152 6.164414 6.403124 4.795832 5.477226 6.244998 6.164414 6.540174 6.597924 6 6.082763 NA NA NA NA 5 6.055498 6.619404 6.63325 7.416198 7.549834 7.348469 7.416198 5.830952 5.91608 5.830952 5.744563
5 5 5.830952 6.082763 6.324555 6.244998 NA NA NA NA 5.09902 5.196152 5.385165 5.477226 5 5.196152 5.477226 5.567764 4.123106 4.898979 5.196152 5.196152 NA NA NA NA 5.477226 5.567764 5.744563 6.082763 5.385165 5.385165 5.477226 5.196152 5.09902 5.291503 5.28141 6.652034
5 6 4.795832 5.09902 5.291503 5.09902 NA NA NA NA 4.123106 4.123106 4.690416 4.795832 3 3.872983 4.242641 3.605551 5.723895 6.624979 4.123106 3.872983 NA NA NA NA 5.291503 5.567764 5.744563 5.91608 3.741657 4.582576 5.09902 5.385165 3 3.741657 4.358899 4.795832
5 7 6.082763 6 6.164414 6.403124 NA NA NA NA 5.291503 5.567764 5.744563 5.91608 5.567764 5.830952 5.91608 6.164414 4.123106 5.291503 5.91608 6.244998 NA NA NA NA 5.830952 5.91608 6.082763 6.244998 5.91608 6 6.324555 6.480741 4.358899 5.477226 5.830952 6.082763
5 8 7.483315 7.81025 8 8.062258 NA NA NA NA 5.09902 5.744563 6.403124 6.855655 5.196152 5.385165 6 6.78233 6.164414 6.78233 7.348469 7.937254 NA NA NA NA 4.795832 5.830952 6.928203 7.615773 6.63325 6.855655 7 7.615773 5.196152 5.09902 6.164414 7.28011
5 2 5.477226 5.477226 5.477226 5.567764 NA NA NA NA 4.898979 4.898979 4.898979 5 4.582576 4.898979 5.09902 5.25446 5.567764 5.830952 6.082763 6.164414 NA NA NA NA 4.898979 4.898979 5.09902 5.291503 5.196152 5.291503 5.196152 5.291503 4.582576 4.690416 4.898979 5.09902
5 3 5.744563 6.082763 6.244998 6.403124 NA NA NA NA 4.242641 4.582576 5 6 3.741657 4.582576 5.09902 5.744563 6.63325 5.196152 5.656854 6.082763 NA NA NA NA 5 5.830952 6.244998 6.324555 5.744563 6.164414 6.480741 6.708204 4.358899 4.795832 5.567764 6.324555
5 4 7.615773 7.81025 7.937254 8.246211 NA NA NA NA 6.63325 6.855655 7.28011 7.549834 6.082763 6.557439 6.928203 7.483315 6.988091 7 7.348469 8.062258 NA NA NA NA 7.483315 7.531469 7.615773 7.681146 7.416198 7.615773 7.549834 7.81025 3.162278 3.229884 3.146147 6.082763
5 5 5.477226 5.385165 5.656854 6 NA NA NA NA 4.795832 4.795832 5 5.477226 3.589036 3.538153 4.476690 5.855772 4.582576 4.472136 4.690416 5.196152 NA NA NA NA 4.898979 5.196152 5.477226 5.830952 4.358899 5 5.567764 5.830952 3.605551 3.872983 4.242641 4.690416
5 6 4.795832 5.385165 6 5.91608 NA NA NA NA 4.582576 4.582576 4.690416 4.795832 2.449490 3.605551 4.358899 4.358899 4.795832 5.196152 5.477226 5.477226 NA NA NA NA 5.385165 5.385165 5.477226 5.91608 4.795832 4.690416 5.291503 6.164414 3.605551 4.690416 5.09902 5.744563
5 7 5.196152 6 6.324555 6.403124 NA NA NA NA 3.741657 4.795832 5.477226 5.91608 2.236068 3.872983 5.385165 5.830952 3.316625 4.358899 4.795832 5.656854 NA NA NA NA 4.472136 5.744563 6.164414 6.082763 5.744563 6.244998 6.324555 6.480741 4.358899 5.830952 6 6.082763
5 8 6.928203 7.211103 7.28011 7.416198 NA NA NA NA 5.09902 5.744563 6.708204 7.416198 5.09902 5.656854 6.164414 6.63325 5.656854 5.744563 6 6.480741 NA NA NA NA 5.196152 6 6.557439 7.071068 6.244998 6.63325 6.928203 7 5.385165 5.656854 5.91608 7
5 2 5.567764 5.477226 5.385165 5.385165 NA NA NA NA 5.291503 5.196152 5 4.898979 5 4.795832 4.690416 4.472136 4.795832 4.690416 4.582576 4.472136 NA NA NA NA 5.09902 5 5.09902 5.385165 5 5.09902 5.09902 5.477226 4.582576 4.690416 5.567764 5.830952
5 3 4.898979 4.795832 4.898979 5.09902 NA NA NA NA 4.358899 4.242641 4.242641 4.472136 4.123106 4.242641 4.472136 4.582576 4.898979 5 5.09902 5.09902 NA NA NA NA 4.795832 4.795832 4.898979 5.09902 4.472136 4.582576 4.690416 5.196152 3.741657 4.123106 4.582576 4.898979
5 4 6.082763 6.403124 6.928203 7.348469 NA NA NA NA 5.291503 5.385165 5.91608 6.403124 4.263759 5.460461 6.324555 6.708204 3.188568 4.100922 5.830952 6.324555 NA NA NA NA 6.244998 6.434525 6.855655 7.141428 5.830952 6.557439 7.141428 7.211103 3.872983 5.656854 6.164414 6.78233
6 5 7.071068 7.348469 7.81025 8.062258 NA NA NA NA 4.358899 5.09902 5.91608 6.855655 4.218253 5.491308 5.650493 7.071068 4.690416 6.082763 7.071068 8.124038 NA NA NA NA 6.244998 7.071068 7.937254 7.874008 6.082763 6.708204 7.141428 7.483315 4.123106 5.567764 7.071068 7.348469
6 6 7.348469 7.81025 7.483315 7.81025 NA NA NA NA 5.830952 5.656854 6.082763 6.855655 4.838603 5.810396 5.982741 6.10324 4.898979 5.385165 5.744563 6.164414 NA NA NA NA 6.557439 7.348469 7.745967 7.681146 6.928203 6.928203 7.141428 7.211103 6.480741 6.557439 6.708204 7
6 7 5.291503 5.477226 5.656854 6.403124 NA NA NA NA 3.872983 4 4.690416 5.291503 4.242641 4.582576 5.291503 5.744563 4.795832 5.09902 5.09902 5.477226 NA NA NA NA 5.477226 5.567764 5.830952 6.164414 5.477226 5.830952 6.403124 6.63325 4 4.690416 5.830952 6.324555
6 8 5 5.09902 5.291503 5.744563 NA NA NA NA 4.242641 4.242641 4.690416 5.196152 5.196152 5.196152 5.477226 5.830952 5 4.898979 5.09902 5.09902 NA NA NA NA 4.795832 5.567764 5.744563 6.164414 5.385165 5.385165 5.830952 5.830952 4.472136 4.690416 4.898979 5.291503
6 2 4.358899 5.291503 5.830952 6.324555 NA NA NA NA 3.162278 3.464102 3.909972 4.795832 3.162278 4 5 5 3.162278 4 5.385165 6 NA NA NA NA 4.123106 5.744563 6 6.360216 3.741657 5.196152 5.744563 6.164414 2.645751 4 5.155715 6.082763
6 3 6.480741 7.28011 7.483315 7.681146 NA NA NA NA 5.385165 5.744563 6.63325 7.211103 5.291503 6.480741 7.141428 7.81025 4.242641 5.477226 7.071068 7.81025 NA NA NA NA 5.385165 6.928203 7.071068 7.615773 6.557439 7.211103 7.615773 7.937254 5.09902 6 6.708204 7.549834
6 4 5.830952 6.244998 6.164414 6.324555 NA NA NA NA 5.385165 6 6.324555 6.557439 5.567764 6.244998 6.557439 7 4.898979 4.898979 5.291503 5.477226 NA NA NA NA 6.480741 7.141428 7.483315 8.544004 6.928203 7.78884 8.401596 8.224648 7.071068 7.211103 7.083381 6.709423
6 5 3.741657 5.196152 5.385165 5.09902 NA NA NA NA 5.477226 5.385165 5.196152 5 5.385165 5.385165 5.196152 5.957155 5.744563 5.830952 5.477226 6.082763 NA NA NA NA 3.464102 3.741657 3.316625 3.605551 4.472136 4.898979 4.898979 5.196152 4.582576 4.690416 4.898979 5
6 6 5.385165 5.385165 5.656854 6 NA NA NA NA 3.316625 3.741657 4 4.795832 3.464102 4.795832 4.472136 5 4.472136 5.291503 5.567764 5.830952 NA NA NA NA 3.316625 4.472136 5 5.477226 4.690416 4.795832 5.196152 5.196152 2.236068 3.316625 4.123106 5
6 7 5.567764 6.324555 6.557439 6.78233 NA NA NA NA 4.123106 4.472136 4.795832 5.291503 3.316625 3.872983 4.472136 6.244998 4.472136 4.582576 5.477226 6.082763 NA NA NA NA 4.795832 5.567764 6.082763 6.082763 4.582576 5 6.082763 6.082763 5.385165 5.385165 5.656854 6.244998
6 8 5.477226 5.477226 5.477226 5.567764 NA NA NA NA 4.242641 4.358899 4.582576 4.795832 4.472136 4.358899 4.582576 5.09902 5 5 4.690416 4.898979 NA NA NA NA 4.795832 5 5 5 4.898979 4.898979 5 5.477226 4.795832 4.690416 5 5.91608
6 2 5.830952 5.567764 5.477226 5.385165 NA NA NA NA 4.898979 4.795832 4.472136 4.358899 4.795832 4.898979 4.690416 4.123106 5.656854 5.477226 5.567764 5.477226 NA NA NA NA 5.196152 4.795832 5 4.898979 4.795832 4.582576 4.242641 4.472136 3.741657 3.872983 3.741657 4.123106
6 3 4.358899 4.898979 5.196152 5.567764 NA NA NA NA 2.449490 3.316625 4.472136 5.09902 3.316625 3.605551 4.472136 5.385165 3.741657 4.123106 4.472136 4.795832 NA NA NA NA 3.162278 4.690416 5.656854 5.656854 5.385165 5.744563 5.91608 6 3.464102 3.872983 4.898979 5.830952
6 4 5.385165 5.477226 5.477226 5.385165 NA NA NA NA 3.464102 4.582576 5 5.291503 3.741657 4.358899 5.09902 5.656854 2.666275 3.249362 4.472136 5.744563 NA NA NA NA 4.242641 4.239831 4.663538 5.91608 4.358899 5.385165 5.744563 6.244998 3.872983 5.196152 5.385165 6.164414
6 5 5.09902 5.656854 5.91608 6 NA NA NA NA 4.582576 4.242641 4.795832 5.567764 4.358899 5.196152 5.656854 5.744563 5.291503 5.567764 5.830952 6.164414 NA NA NA NA 5.656854 5.567764 6 6 5.656854 5.744563 5.91608 6.082763 3.162278 4.690416 5.656854 6
6 6 5.477226 6.324555 6.63325 6.78233 NA NA NA NA 3.464102 4.242641 5.291503 5.656854 1.212395 4.358899 5.477226 6.324555 4.472136 4.582576 5.656854 6.480741 NA NA NA NA 4.582576 5.291503 6.403124 6.480741 4.898979 5.830952 6.63325 7 4.242641 5.09902 5.744563 6.324555
6 7 7.28011 7.549834 7.745967 8.062258 NA NA NA NA 5 5.91608 6.480741 7.071068 6.928203 7.348469 7.071068 7.874008 6.63325 7.416198 7.937254 8.660254 NA NA NA NA 5.09902 6.480741 8.062258 7.681146 5.291503 7.28011 7.874008 7.874008 4.123106 5.477226 6.557439 7.141428
6 8 7.141428 8.124038 8.717798 9.110434 NA NA NA NA 6 6.63325 7.416198 8.124038 6.928203 7.416198 8.062258 8.944272 7.141428 7.681146 8.185353 8.717798 NA NA NA NA 7.071068 7.81025 8.660254 8.717798 5.830952 7.416198 8.602325 9.110434 4.690416 6.63325 8.062258 8.660254
6 2 8.602325 8.83176 9.165151 9.055385 NA NA NA NA 7.416198 7.81025 7.69022 7.566492 6.78233 7.615773 8.544004 9.110434 6.855655 7.483315 8.062258 8.717798 NA NA NA NA 8.306624 8.485281 8.42615 8.3666 8.42615 8.42615 8.660254 8.717798 6.63325 7.874008 8.544004 8.774964
6 3 6.480741 6.480741 6.78233 7 NA NA NA NA 6.557439 6.324555 6.557439 6.63325 7.211103 7.681146 7.348469 7.483315 5.196152 6.324555 7.071068 6.78233 NA NA NA NA 4.898979 6.164414 6.708204 7.28011 6.324555 6.480741 6.708204 6.855655 4.582576 5.567764 6 6.244998
6 4 6.324555 6.855655 7.141428 7.28011 NA NA NA NA 5.291503 5.567764 6.082763 6.63325 5 5.385165 6.324555 7.141428 4.959357 5.88478 6.082763 6.480741 NA NA NA NA 5.567764 5.91608 6.324555 6.63325 6.403124 6.324555 6.63325 6.928203 6.164414 6.324555 6.557439 6.855655
6 5 6.324555 7 7.549834 7.483315 NA NA NA NA 5.477226 6 6.480741 6.78233 4.564412 4.532519 6 5.744563 5 5.656854 5.91608 6.244998 NA NA NA NA 5.91608 6.324555 6.78233 7 6.164414 6.244998 6.63325 7.141428 5.91608 6.082763 6.557439 7.071068
6 6 7 7.348469 7.549834 7.549834 NA NA NA NA 5.567764 6.164414 6.855655 7.141428 5.09902 5.09902 5.91608 6.78233 3.872983 5.196152 6.324555 6.557439 NA NA NA NA 4.898979 6.708204 7.416198 7.745967 5.291503 5.91608 6.63325 6.928203 5.656854 6.164414 6.196001 6.928203
6 7 7.211103 7.937254 8.062258 8.246211 NA NA NA NA 5.744563 6.480741 7.549834 8.062258 5.91608 7.483315 7.141428 8.124038 4.795832 6 6.855655 7.28011 5.830952 6.63325 7.211103 7.416198 5.09902 6.403124 7.141428 7.141428 5.744563 6.480741 6.855655 7.071068 5.744563 6.082763 6.708204 7
6 8 5.196152 4.898979 4.690416 5 NA NA NA NA 5.567764 6 6.63325 6.78233 5.744563 6.480741 6.403124 6.480741 3.741657 4 4.123106 4.242641 6.082763 5.567764 5.385165 5.196152 6.164414 6.557439 6.928203 7.348469 5.291503 6.324555 6.855655 7.141428 5.567764 5.656854 6.244998 6.708204
6 2 5.09902 5.385165 5.744563 5.84706 NA NA NA NA 3.464102 4.472136 5.567764 5.830952 4.582576 5.09902 5.830952 6.708204 3.162278 4.898979 5.656854 5.744563 5.385165 5.196152 5.385165 5.567764 5.291503 6.324555 6.557439 6.557439 5 5.744563 5.744563 6.164414 4.582576 5.09902 6.082763 6.855655
6 3 5.91608 6.082763 6.164414 6.324555 NA NA NA NA 5.744563 5.744563 5.744563 5.91608 5.477226 5.830952 5.830952 6.082763 5.830952 5.830952 6 6.244998 6.079466 6.030093 6.489695 6.324555 5.830952 6.63631 7.127152 7.311668 5.385165 5.656854 5.91608 6.324555 5.656854 5.830952 6.324555 6.63325
6 4 5.744563 6 6.244998 6.63325 NA NA NA NA 4.123106 4.795832 5.385165 5.830952 4.123106 5 5.291503 5.744563 4.410344 4.898979 5.291503 5.91608 5.567764 5.744563 6 6.164414 5.477226 5.91608 6.645535 6.164414 5.656854 5.830952 5.91608 5.830952 5.567764 5.744563 5.91608 6.324555
6 5 7.416198 8 8.306624 8.246211 NA NA NA NA 5.830952 6.480741 7.549834 8.124038 6.844605 7.871849 7.28011 8.246211 4.242641 5.91608 6.928203 8.124038 6.78233 7.28011 7.681146 7.615773 6.244998 7.071068 7.745967 8.062258 6.403124 6.403124 6.557439 6.708204 6.403124 6.855655 7.823551 7.348469
6 6 7.745967 7.745967 7.483315 7.416198 NA NA NA NA 5.830952 6.63325 7.211103 7.615773 5.291503 6.082763 7.416198 8.246211 5.656854 6.403124 6.78233 7.348469 6.244998 6.164414 6 5.91608 5.567764 5.830952 5.91608 6.082763 5.291503 5.567764 6.164414 6.557439 4.898979 5.385165 5.744563 6.403124
7 7 6.480741 6.708204 6.708204 6.78233 NA NA NA NA 5.567764 5.656854 5.656854 6.63325 4.690416 5.09902 5.09902 6.324555 3.316625 4.690416 5.744563 6.78233 6 6.557439 6.244998 7.141428 5.830952 6.164414 6.324555 6.855655 5.830952 6.244998 7 7.141428 5 6 6.63325 7.141428
7 8 5.830952 6 6.480741 6.708204 NA NA NA NA 4.690416 5 5.385165 5.91608 5.196152 5.656854 6 6 4.582576 5.477226 5.744563 5.91608 5.477226 5.656854 5.744563 5.91608 5.744563 5.830952 5.744563 5.656854 4.795832 5 5.385165 5.567764 3.605551 4.472136 4.795832 5.291503
7 2 5.477226 5.567764 5.567764 5.656854 NA NA NA NA 4.242641 4.690416 4.898979 5.196152 4.795832 5.196152 5.567764 5.744563 4.898979 5.477226 5.656854 5.744563 5.385165 5.196152 5.196152 5.385165 4.582576 4.898979 5 5.385165 4.582576 4.795832 5.09902 5.291503 3.464102 4 4.358899 4.690416
7 3 6.164414 6.928203 7 7.141428 NA NA NA NA 5.09902 5.477226 6.557439 7.416198 4.795832 5.291503 6.78233 7.615773 4.242641 6.480741 7.81025 8.185353 5.656854 6.855655 7.211103 7.416198 4.123106 5.567764 6.708204 7.28011 5.91608 7.549834 7.745967 7.81025 5.291503 5.91608 6.855655 7.483315
7 4 7.483315 7.615773 7.483315 7.348469 NA NA NA NA 7.211103 7.348469 7.681146 8.062258 7.071068 7.483315 8.062258 8.544004 6.403124 6.708204 7.141428 7.483315 6.928203 6.93245 7.141428 6.78233 6.63325 6.557439 6.244998 6.324555 6.63325 6.63325 6.708204 7.141428 6.480741 6.480741 6.78233 6.855655
7 5 6.557439 7 7.28011 7.348469 NA NA NA NA 5.830952 6.403124 7.28011 7.937254 5.291503 6.244998 7.348469 7.81025 5.385165 6 6.244998 6.78233 5.91608 6.63325 6.928203 6.855655 6 5.946381 6.480741 6.708204 6.244998 6.480741 7 7.483315 6.164414 6.557439 6.78233 7.141428
7 6 5.744563 6.164414 6.403124 6.244998 NA NA NA NA 5 4.472136 3.872983 3.741657 3.872983 4.123106 4.457663 4.883601 5.239818 4.85909 5.656854 5.291503 4.472136 4.358899 4.472136 5.196152 3.464102 3.741657 4.582576 5.385165 4.898979 5.196152 5.830952 6.63325 4.242641 4.472136 5.656854 6.78233
7 7 5.830952 7.211103 7.483315 7.681146 NA NA NA NA 3.464102 4.123106 5.477226 6.708204 3.464102 4.472136 5.830952 7.549834 4.795832 6.244998 7.071068 7.745967 5.291503 6.708204 7.615773 7.615773 5.830952 6 6.480741 6 4.472136 4 4.795832 4.898979 4.123106 4.358899 4.582576 4.690416
7 8 4.358899 4.358899 4.358899 4.358899 NA NA NA NA 3 3.162278 3.162278 3.162278 2.828427 3 3.316625 3.316625 3.162278 4.123106 4.358899 4.242641 3.741657 3.741657 3.605551 3.741657 3 3.316625 3.741657 4.242641 3.605551 4 4.582576 5.385165 3 3.464102 4.358899 5.09902
7 2 6.164414 6.928203 7.211103 7.416198 NA NA NA NA 4.358899 5.196152 6.082763 6.557439 3.316625 1.732051 6.244998 6.78233 3.741657 4.358899 5.477226 6.708204 5.09902 6 6.557439 6.708204 6.324555 6.557439 6.557439 6.403124 6.082763 6.63325 6.708204 7.071068 3.872983 4.690416 5.656854 6.63325
7 3 5.656854 6.557439 7.141428 7.416198 NA NA NA NA 5.09902 5.196152 5.385165 6.324555 4.690416 6.403124 7.416198 7.745967 5.196152 6.855655 7.681146 7.874008 6 6.067532 6.869719 7.197941 3.741657 4.898979 5.830952 6.708204 6.164414 6.928203 7.348469 7.681146 5 5.477226 6.164414 6.928203
7 4 5.91608 6.244998 7.28011 7.483315 NA NA NA NA 4.242641 4.358899 5.196152 6.164414 2 4.358899 4.992947 4.960727 4.589823 5.536825 7.141428 7.28011 4.358899 5.91608 6.855655 6.855655 3.872983 4 5.119528 6.63325 4.242641 5.830952 7.348469 7.348469 2.645751 4.242641 5.385165 6.082763
7 5 7.681146 8.062258 8.3666 8.42615 NA NA NA NA 6.557439 7.348469 7.874008 8.485281 5.385165 6.855655 7.81025 8.544004 5.656854 7.211103 8.42615 9.273618 6.708204 7.416198 8.062258 8.602325 5.09902 6.557439 7.071068 7.681146 7.28011 7.81025 8.124038 8.42615 5.656854 6.708204 7.549834 8.246211
7 6 8.062258 8.306624 8.3666 8.246211 NA NA NA NA 7.071068 7.348469 7.549834 7.681146 6.78233 7.483315 7.874008 8.124038 6.855655 7.211103 8.246211 9 8.062258 8.660254 8.717798 8.544004 7.549834 7.615773 7.432009 7.681146 6.928203 7.483315 7.745967 8.124038 6.164414 6.708204 6.529079 7.416198
7 7 6 6.244998 7 7.416198 NA NA NA NA 6.324555 5.744563 6.244998 6.78233 6.403124 5.830952 6.63325 7.416198 6.855655 6.244998 6.480741 7.348469 6.324555 6.557439 6.708204 7.416198 7.137302 7.468175 7.182885 6.246668 8.492751 7.927223 7.848584 7.610658 5.830952 6.164414 7.141428 7.348469
7 8 4.898979 5.477226 6.244998 6.557439 NA NA NA NA 4.472136 4.690416 5.09902 5.656854 4.898979 5.477226 6.082763 6.557439 4.582576 4.690416 6 6.324555 4.690416 5.291503 5.656854 5.830952 2.828427 3.605551 4.690416 4.898979 3.464102 4 4.898979 5.567764 3 4.472136 5.385165 5.744563
7 2 5.567764 5.567764 5.567764 5.477226 NA NA NA NA 4.898979 5 5.291503 5.576514 4.123106 5 5.477226 5.291503 5.567764 5.830952 6.324555 7.211103 5 5.830952 6 6.244998 5.923461 6.415387 5.446247 5.927773 6.708204 6.78233 7.211103 7.549834 4.898979 5.744563 6.244998 7.071068
7 3 5.567764 6.082763 6.63325 6.78233 NA NA NA NA 4.123106 4.795832 6.082763 6.928203 3.605551 5.196152 6.708204 7.348469 6.082763 5.91608 5.830952 6.557439 6.042766 6.461502 7.071068 7.483315 6.082763 6.164414 6.403124 6.708204 6.082763 6.324555 6.708204 7.211103 5 5.291503 6.403124 7.141428
7 4 5.385165 5.830952 6.082763 6.164414 5.60726 5 5.291503 5.477226 4.795832 5 5.196152 5.385165 5.196152 5.744563 6 6.324555 4.788041 6 6.480741 6.557439 5.567764 5.744563 5.91608 6.244998 5.830952 5.830952 5.656854 5.830952 4.898979 5.385165 5.830952 6.244998 4 4.898979 5.385165 5.744563
7 5 5.830952 6.928203 7.348469 7.549834 6.331365 5.91608 6.403124 6.557439 4.358899 4.795832 5.830952 6.63325 4.123106 4.795832 5.91608 6.324555 4.123106 5.385165 6.403124 7.681146 5.196152 7.071068 8.246211 8.124038 4.898979 5.656854 6.164414 6.78233 5.291503 6 6.480741 7.28011 4.472136 5.09902 5.91608 7.549834
7 6 7.141428 7.071068 7.071068 7.071068 7.734318 6.855655 6.855655 6.855655 5.434048 6.19364 6.580349 6.781118 5.127621 6.158092 6.480741 6.928203 5.09902 6.164414 6.928203 7.348469 5.91608 6.244998 7.141428 7.141428 6.928203 6.855655 6.78233 6.708204 6.708204 6.480741 6.63325 6.78233 5.91608 5.830952 5.830952 6
7 7 5.744563 6.403124 6.63325 6.855655 6.743862 5.656854 5.744563 5.91608 3.464102 4.472136 5.567764 6.855655 4 5.656854 6.557439 7.549834 4.472136 5.567764 6.557439 6.708204 4.898979 5.91608 6.708204 6.928203 4.898979 5.477226 6.708204 7.211103 5.09902 6.403124 7 7.28011 4.123106 5.744563 6.480741 7.141428
7 8 7.681146 7.681146 7.81025 8.185353 7.384755 6.78233 6.708204 6.708204 6.855655 7 7.071068 7.549834 6.63325 6.63325 7.416198 8.124038 6.244998 7 7.28011 7.211103 7.071068 7.937254 8.185353 8.246211 8.42615 8.3666 8.3666 8.306624 7.81025 7.745967 7.681146 7.416198 7.348469 7.141428 6.708204 6.324555
7 2 6.480741 6.63325 6.855655 6.928203 6.13793 6.082763 6 6 5.291503 6.082763 6.403124 6.403124 6.001647 6.211839 6.298087 5.299067 5 6.244998 6.324555 6.63325 6.708204 6.928203 6.928203 6.855655 5.744563 6 5.91608 6.082763 5.830952 5.744563 6.082763 6.244998 4.582576 5.385165 5.830952 6.244998
7 3 5.436751 5.565994 6.78233 6.708204 6.75185 6.324555 6.324555 6.63325 4.472136 4.898979 5.477226 6.480741 3.872983 5.291503 5.744563 6.63325 3.162278 4.795832 6.480741 6.78233 5.477226 5.963914 7.141428 6.855655 4.582576 5.567764 6.082763 6.63325 6.082763 6.164414 6 6.63325 5.09902 5.09902 5.196152 5.477226
7 4 7.681146 7.937254 8 7.681146 7.211103 6.928203 6.928203 6.63325 5.477226 6.403124 6.63325 5.656854 4.795832 5.744563 6.557439 7.348469 4.856846 5.734779 6.480741 7.211103 7.211103 6.480741 6.164414 6.928203 6.324555 6.480741 6.480741 6.63325 5.830952 6 6.164414 6.324555 4.242641 5 5 5.09902
7 5 6.557439 6.928203 7.071068 7 6.928203 6.403124 6.403124 6.480741 4.472136 5.385165 6.164414 6.164414 3.316625 3.424501 3.605551 6.164414 3.605551 5.09902 6.480741 7.615773 4.690416 5.196152 7.071068 7 4.898979 4.690416 5.296252 5.385165 3 3.464102 4.358899 4.795832 2.645751 3.741657 4.582576 4.690416
7 6 4.898979 6.324555 7.071068 7.615773 7.348469 7.416198 7.483315 7.681146 3 4.582576 5.744563 6.53292 2.828427 4.898979 6.082763 7 4.242641 6.082763 6.928203 6.082763 5.291503 6.244998 7 7.28011 3.741657 4.795832 5.91608 6.324555 5.385165 6.082763 6.928203 8.062258 4.123106 4.795832 5.744563 6.78233
7 7 5.656854 6.164414 6.63325 6.78233 5.656854 6 6.164414 6.324555 5 5.385165 5.744563 6.164414 4.582576 5.09902 5.291503 6.324555 6.403124 4 4.795832 5.656854 6.557439 6.63325 6.855655 7.483315 6.78233 6.557439 6.928203 7.141428 5.291503 6 6.928203 7.28011 5 6 6.324555 6.928203
7 8 5.830952 5.830952 5.830952 5.656854 5.567764 5.656854 5.567764 5.291503 5 5.196152 5.477226 5.385165 5.477226 5.656854 6.082763 6.324555 4.242641 4.898979 5.196152 5.291503 5.196152 5.830952 6 5.91608 5.385165 5.196152 5.196152 5.09902 5.567764 5.744563 6 6.082763 3.872983 5.196152 5.477226 5.196152
7 2 5.385165 6.082763 6.403124 6.480741 6.480741 6.164414 5.91608 5.830952 4.358899 5.196152 6.082763 6.345802 3.162278 4.031253 3.971501 3.8494 3.605551 4.690416 5.656854 6.082763 5.09902 5.830952 6.324555 6.324555 3.464102 4.582576 5.385165 5.656854 4.690416 6.403124 6.557439 6.708204 4.123106 5.09902 5.830952 6.480741
8 3 7 8.062258 8.124038 8.185353 8.246211 8.124038 8.185353 8.306624 5.91608 6.928203 7.874008 9.110434 5.744563 6.855655 8 8.717798 5.567764 6.480741 7.416198 8.246211 6.244998 7.031225 7.357632 9.433981 4 5.477226 7.28011 9.591663 6.855655 7.615773 8.660254 9.69536 4.898979 6.63325 7.681146 8.3666
8 4 6.403124 7.071068 7.549834 6.557439 7.937254 8 7.937254 7.874008 4.795832 4.582576 4.690416 4.795832 5.91608 5.744563 6.855655 7.348469 5.866733 5.744563 8.062258 8.485281 5.91608 7.745967 8.3666 8.774964 3 4.123106 6.324555 6.928203 6.324555 7.071068 7 6.708204 4.472136 5.196152 5.744563 5.385165
8 5 6.480741 6.557439 6.708204 6.855655 5.656854 5.385165 5.196152 5.09902 3.605551 4.242641 5.744563 7.141428 2 2 4.358899 4.795832 5.196152 6.324555 6.403124 6.63325 5.656854 6 7.071068 7.348469 5.385165 6.082763 6.480741 6.78233 5.385165 7.211103 7.681146 7.937254 4.472136 5.196152 6.082763 6.855655
8 6 4.242641 4.898979 6.480741 7.416198 6.403124 6.63325 6.708204 7 3.605551 4.242641 5.656854 6.557439 3.464102 4.898979 6.403124 7.681146 4.358899 5.385165 6.324555 7.615773 6.403124 6.78233 7.549834 8.246211 6.164414 6.557439 6.928203 7.348469 5.291503 5.830952 6.557439 6.78233 4.582576 4.472136 5.196152 6.557439
8 7 5.291503 5.567764 5.196152 5.291503 5.567764 5.477226 5.385165 5.385165 5.385165 5.477226 5.656854 5.385165 6.324555 6.557439 6.78233 6.928203 4.242641 5.385165 6.082763 6.403124 5.291503 6.557439 6.557439 6.403124 3.741657 3.872983 4.582576 5.291503 4 4.898979 6.244998 5.744563 3.464102 3.316625 3.872983 4.690416
8 8 4.690416 4.690416 5 5.196152 4.582576 4.582576 4.795832 5 3.872983 3.464102 2.828427 2.449490 3.605551 3.741657 3.872983 4.242641 4.242641 4.358899 4.472136 4.898979 4.690416 5.477226 5.09902 4.898979 4 4.582576 4.795832 4.898979 4.690416 5.567764 6.164414 6.244998 4.242641 4 4.358899 5
8 2 4.582576 5 5.385165 4.919403 4.123106 4.690416 4.795832 5 2.103170 2.266574 2.415037 2.440934 4 4.690416 5 5.291503 4.582576 4.898979 5 5.09902 5.291503 5.291503 5.196152 5.567764 3.741657 4.472136 4.898979 5.291503 4.795832 5.09902 5.291503 5.567764 4.358899 4.898979 5.196152 5.744563
8 3 5 5.567764 5.477226 6.115481 5 5 5 5.196152 3.741657 4.690416 5.656854 5.830952 3.162278 4.358899 5 5.567764 3.741657 4.582576 5.291503 5.385165 5.641013 6.086332 5.567764 5.656854 3.872983 5.385165 5.830952 5.830952 5.656854 5.830952 5.91608 5.830952 5.09902 5.744563 6 6.324555
8 4 6.082763 6.557439 6.63325 6.708204 6.557439 6.557439 6.324555 6.164414 3.605551 4.690416 6 6.928203 1.105888 1.917911 3.86644 7.28011 3.834842 5.154188 6.003623 7.141428 4.898979 6 7 6.78233 3.464102 5.656854 6.480741 6.78233 3.872983 4.898979 6.244998 6.557439 3.741657 5.196152 5.744563 6.324555
8 5 6.403124 7.416198 7.681146 7.615773 7.416198 7.211103 7.211103 7.211103 5 6.324555 6.928203 7.745967 1.672220 2.944277 7.81025 8.185353 4.242641 6 7.211103 8.185353 6.082763 7 7.211103 7.211103 3.162278 5.744563 7.211103 7.28011 5.567764 6.244998 6.557439 6.855655 5.91608 6.403124 6.78233 7.211103
8 6 4.795832 6 6.480741 6.480741 6.324555 6.550312 6.962246 6.640263 4.472136 5.291503 6.164414 6.928203 3.162278 4.690416 6.082763 6.78233 4.123106 5 5.567764 6.324555 5.385165 5.91608 6.324555 6.63325 4.898979 5.744563 6.244998 6.557439 5.385165 5.656854 6.082763 7 4.690416 5.196152 5.830952 6.244998
8 7 4.690416 5.477226 5.744563 5.567764 6.244998 6.082763 6.244998 6.324555 1.414214 1.414214 1.732051 2.236068 2 2.645751 3.316625 4.690416 3.605551 4.358899 4.898979 5.567764 4.795832 5.09902 5.830952 6.164414 6.63325 6.403124 6.244998 6.164414 4.795832 5 5.385165 6.557439 3.162278 4.242641 5.385165 5.291503
8 8 4 4.123106 4.242641 4.358899 3.741657 3.741657 3.872983 4 1.732051 1.732051 2 2 3.605551 4.123106 4.690416 4.795832 4 4.472136 4.690416 4.690416 3.872983 4.242641 4.358899 4.472136 2.645751 3.741657 4.123106 4.242641 3.464102 3.872983 4.242641 4.582576 2.645751 3.162278 3.464102 4
8 2 3.316625 3.464102 3.741657 4.472136 4.582576 6.082763 6.244998 6.164414 1.414214 1.414214 2.173552 2.236068 1 2.645751 4 5 3.741657 5.656854 6.244998 7.141428 4 4.472136 5.291503 6.164414 1.732051 2.828427 3.872983 3.872983 4.242641 5.477226 5.744563 6.403124 3.605551 4 4.795832 5.656854
8 3 5.477226 6.082763 6.480741 6.708204 6.855655 6.403124 6.164414 6.164414 3.162278 4.37481 3.464102 4 4.472136 5.830952 6.403124 7.141428 4.472136 4.898979 5.567764 6.244998 5.548236 5.635464 6.708204 6.78233 6 5.744563 5.744563 6.164414 5.91608 6.082763 6.78233 7.071068 4.582576 5.09902 5.196152 3.316625
8 4 5.91608 6 7.211103 7.348469 7.615773 7.81025 7.81025 7.549834 2.236068 2.449490 2.828427 3.316625 3.741657 3.464102 4.795832 6.324555 3.573445 4.156044 7.141428 8.062258 5.656854 6.928203 7.141428 7.348469 5.567764 6.855655 8.432252 7.874008 5.744563 6.403124 7.141428 7.615773 0.6278218 5 6.324555 6.324555
8 5 5.567764 6 6 5.830952 5.744563 5.91608 5.91608 5.744563 2.449490 2.645751 2.645751 2.645751 4.795832 5.91608 6.324555 6.78233 4.898979 5.477226 5.91608 6.403124 5.291503 6 6.244998 6.480741 4 4.898979 4.795832 5 4.472136 5.744563 5.830952 6.082763 3.162278 4.472136 5.196152 5.291503
8 6 4.898979 5.656854 5.91608 5.91608 5.567764 5.567764 5.656854 5.656854 2 2.449490 2.828427 3 4.123106 5.291503 6.480741 7 4.472136 5.567764 6 6.708204 4.358899 5.196152 6.63325 6.708204 3.162278 5.09902 5.744563 5.744563 4.242641 5.830952 6.082763 6.403124 2.645751 4.582576 5.196152 5.196152
8 7 5.291503 5.385165 5.477226 5.567764 5 5.196152 5.291503 5.291503 2.236068 2.236068 2.449490 2.645751 4.795832 5.291503 5.830952 6.164414 4.242641 5.477226 5.656854 5.744563 5 5.656854 6 6.082763 3.741657 5.09902 5.477226 5.830952 5.830952 6.082763 6.403124 6.855655 4.795832 5.291503 6.082763 6.557439
8 8 6.082763 6.244998 6.480741 6.78233 6.244998 6.244998 6.082763 6.244998 2.449490 2.828427 3.162278 3.162278 4.795832 6.480741 6.63325 7.28011 4.242641 5.09902 6.082763 6.63325 6.164414 6.855655 7.211103 7.071068 4 5.477226 6.403124 7.211103 6.855655 7.549834 7.874008 8.124038 5.744563 6.244998 6.855655 7.483315
8 2 5.744563 7.071068 7.549834 6.846269 7.681146 7.681146 7.483315 8 1.732051 2.236068 2.645751 3.464102 3.181524 4.376361 4.989879 5.141694 4 6.244998 7.615773 8.246211 5.656854 6.403124 7.874008 8.660254 5.196152 6.928203 7.141428 6.928203 5.291503 6.708204 6.480741 6.708204 1.732051 4.582576 5.656854 5.91608
8 3 4.795832 5 4.898979 4.898979 4.690416 4.795832 5 4.582576 4.242641 4.123106 4 3.872983 4 4.582576 4.795832 4.795832 5.09902 5.744563 5.656854 5.385165 5.477226 5.712422 5.291503 5.09902 4.123106 4.123106 4.123106 4.242641 4.358899 4.358899 4.472136 4.690416 3.872983 4 4.123106 4.472136
8 4 4.123106 4.472136 4.898979 5 3.872983 4.242641 4.582576 4.690416 2.645751 3.162278 3.872983 4.472136 2.828427 3.464102 4 4.898979 3.534166 4.078978 4.198784 5.09902 3.872983 4.123106 4.898979 5.291503 3.464102 4.358899 4.690416 5.09902 3 4.472136 5 5.291503 2 3.316625 4.123106 4.795832
8 5 6.244998 6.164414 6.082763 5.567764 6.480741 6.324555 6.082763 5.744563 5.744563 5.830952 5.291503 4.795832 3.872983 6.244998 6.480741 6 5.91608 6.708204 7.615773 7.681146 7.348469 7.348469 7.28011 7.211103 5 4.795832 4.690416 4.795832 6.63325 5.91608 5.744563 5.656854 4.690416 4.795832 4.582576 4.795832
8 6 4.898979 4.795832 4.795832 4.690416 4.472136 4.472136 4.472136 4.472136 4.123106 4.358899 4.472136 4.582576 4.123106 4.690416 5 5.09902 5 5.09902 5.291503 5.385165 5.196152 5.291503 5.567764 5.744563 4.795832 4.795832 4.795832 4.898979 4.795832 5 5.196152 5.385165 3.741657 4.582576 4.690416 5
8 7 3.872983 4.123106 4.898979 5 4.795832 5 5.385165 5.830952 3.162278 3 3.741657 4.242641 1.732051 3.464102 4.358899 5 2.645751 4.123106 5.477226 6.708204 3.316625 5.291503 6.244998 6.928203 2.236068 3 4.472136 5.196152 5.291503 5.656854 5.830952 6.082763 3.872983 4 4.358899 4.690416
8 8 5.385165 5.291503 5.196152 5.196152 6.557439 6.403124 5.830952 5.477226 3.872983 3.741657 3.872983 4.358899 5.744563 5.830952 5.656854 5.09902 4.358899 5.91608 7.211103 7.81025 7 7.071068 7.745967 7.549834 4.795832 4.690416 5.291503 5.291503 5.91608 6.63325 7 7 2.828427 3.605551 5 5.385165
8 2 5.291503 5.477226 5.567764 5.744563 4.898979 4.898979 5.09902 5.291503 3.464102 3.741657 4.582576 4.898979 1.160479 2.645751 4.123106 4.690416 3.316625 5.291503 5.744563 6.082763 4.582576 5.477226 5.744563 6 2.236068 4.582576 5.385165 5.477226 4.898979 5.09902 5.196152 5.477226 4.582576 5 5.09902 5.477226
8 3 4.690416 5 5.656854 6.708204 5.567764 5.656854 6.164414 6.557439 3.605551 3.464102 4 4.795832 2.449490 4.123106 5 5.830952 4.358899 5.477226 5.744563 6.244998 4.594832 5.016005 7.071068 7.483315 5.656854 6.244998 6.708204 6.63325 5.830952 7 7.28011 7.28011 4.795832 5.656854 6.244998 6.708204
8 4 5 5.196152 5.477226 5.477226 4.795832 4.898979 5 5.196152 3.741657 4 4.242641 4.472136 3.605551 4.795832 5.196152 5.567764 3.955193 5.132704 5.567764 5.91608 5.385165 5.567764 5.656854 5.91608 3.162278 3.995485 4.247807 5.718187 4.582576 5.09902 5.567764 5.744563 3 4.898979 5 5.09902
8 5 6.244998 6.78233 7.416198 7.937254 7.211103 7.615773 7.615773 7.874008 2.828427 3.464102 4.690416 5.744563 2.828427 4.472136 6.324555 7.615773 4.472136 6.082763 6.928203 8.185353 6 6.403124 7.549834 8.717798 2.645751 5.09902 6.244998 6.244998 6.244998 6.557439 7 7.416198 5.291503 5.291503 4.898979 5.477226
9 6 4.472136 4.582576 4.795832 5.477226 5 4.898979 5 5.385165 3 3.464102 3.741657 4 4.358899 4.795832 5 5.291503 4.898979 5.477226 5.830952 6 4.898979 5.09902 5.09902 5.196152 5.291503 5.291503 5.291503 5.567764 4.472136 4.472136 4.472136 4.582576 3.316625 3.741657 4.242641 4.795832
9 7 4.358899 4.582576 4.898979 5.09902 4.242641 4.472136 4.795832 4.898979 3.316625 3.605551 4.358899 4.898979 4.123106 4.358899 4.795832 5.09902 4 4.582576 5.09902 5.567764 4.472136 5.291503 5.291503 5.385165 3.316625 4.472136 4.898979 5.196152 4.472136 4.795832 5.09902 5.196152 2 3.464102 4.123106 4.472136
9 8 4.242641 5.291503 5.91608 6.244998 5.385165 5.477226 5.656854 5.744563 3.162278 4.123106 4.690416 5.291503 3.162278 3.872983 4.898979 5.744563 3.316625 4.472136 5.385165 6.082763 3.872983 5 5.830952 6.082763 2.828427 4.242641 5.567764 5.744563 3.872983 5 5.744563 5.91608 2.236068 3.741657 4.472136 5
9 2 4.472136 5.385165 6.082763 6.828747 6.244998 6.244998 6.244998 6.480741 4 4.582576 5.477226 6.244998 3 3.741657 5.196152 5.567764 2.828427 4.898979 6.557439 7.549834 5.291503 5.477226 5.91608 6.63325 3 4.358899 5.656854 6.082763 4.358899 5.291503 6.164414 6.708204 4.690416 5 5.567764 6.082763
9 3 6.244998 6.855655 7.416198 7.937254 7.071068 7.071068 7.28011 7.348469 4.123106 5 6.164414 6.928203 2.449490 5.09902 6.164414 7.211103 4.795832 5.91608 6.480741 7.211103 6.480741 6.855655 7.681146 7.81025 3.316625 4.795832 6.557439 6.557439 5.656854 6.855655 7 7.071068 1.732051 4.690416 5.744563 6.244998
9 4 4.358899 4.795832 5.291503 5.744563 5.09902 5.291503 5.477226 5.744563 4 4.358899 4.582576 5.09902 4 4.358899 4.898979 5.291503 5.91608 6.164414 6.324555 6.324555 5.656854 6.403124 6.557439 6.557439 3 4.018204 5.196152 5.744563 5.567764 5.656854 5.830952 6 3.872983 4.242641 4.472136 5
9 5 6.855655 7.416198 7.937254 8.717798 8 8 8.062258 8.246211 6 6.480741 7.211103 7.874008 4.066428 3.107712 7.211103 7.681146 6.244998 7.28011 7.745967 8.42615 8.944272 9 8.944272 8.83176 7.348469 7.211103 7.745967 8.185353 7.211103 7.549834 7.874008 8.42615 3.316625 6.63325 7.416198 7.681146
9 6 4.472136 4.690416 4.690416 4.582576 4.795832 4.690416 4.795832 4.358899 3.741657 3.872983 4 4 3.741657 3.741657 3.741657 3.741657 4 4 4 3.872983 4.690416 4.582576 4.472136 4.358899 4 4 4.242641 4.358899 3.464102 3.464102 3.605551 3.605551 3.741657 3.699168 4.043135 3.605551
9 7 4.242641 4.242641 4.242641 4.358899 5.09902 5.385165 5.196152 5.196152 1.732051 2 2 2 1 0 1 1 3.316625 4 4 4.123106 3.162278 3.162278 3.162278 3.741657 2.645751 2.828427 2.828427 2.645751 5.09902 5.291503 4.795832 5.291503 2.449490 2.236068 2 2
9 8 4.582576 4.795832 4.898979 4.795832 4.242641 4.358899 4.582576 4.582576 3.316625 4.123106 4.358899 4.123106 4.242641 4.242641 4.690416 5.291503 4.795832 5.09902 5.196152 5.291503 5 5.09902 5.09902 5.291503 4.472136 4.582576 4.690416 5 3.605551 3.605551 4 4.472136 3.741657 4.242641 4.582576 4.690416
9 2 3.741657 4.358899 4.690416 5 4.242641 4.242641 4.472136 4.795832 2.236068 2.828427 3.741657 4.242641 2 3.464102 3.605551 4.242641 3.741657 4 4.472136 4.898979 3.741657 4.358899 5 5.291503 2.449490 4.242641 5 5.09902 3.316625 4 4.690416 5.09902 1.732051 2.828427 3.605551 4.358899
9 3 4.358899 4.898979 6.403124 6.928203 5.744563 6.244998 6.403124 6.708204 3.464102 4.123106 4.582576 5.385165 2.645751 4.242641 4.795832 5.656854 3.162278 4.898979 5.656854 6.403124 3.265230 3.907119 7.211103 7.549834 2 4.472136 6.244998 7.071068 5.744563 5.830952 6.244998 6.708204 4.690416 5 5.385165 6.082763
9 4 5.385165 5.385165 5.567764 5.656854 5.91608 5.91608 5.91608 5.744563 4.690416 4.472136 4.242641 4.156825 3.464102 3 3.464102 2.775394 3.515230 3.157391 4 4 7 7 6.78233 6.557439 6 5.91608 5.744563 5.744563 6 6 5.830952 5.744563 4.123106 4.472136 4.472136 4.582576
9 5 6.164414 6.557439 6.78233 6.78233 5.91608 6.082763 6.164414 6.324555 4.582576 5.656854 6.324555 6.403124 3.162278 3.464102 6.082763 6.324555 5.196152 5.477226 6.164414 6.855655 7.071068 7 7.071068 7.211103 6.78233 6.557439 6.403124 6.324555 6.480741 6.403124 6 6.082763 5.744563 5.744563 5.656854 5.567764
9 6 4.898979 5.09902 5.196152 5.291503 4 4.242641 4.472136 4.795832 4 4.242641 4.472136 4.898979 2.449490 3.872983 4.726494 5.27513 3.123852 3.270297 4.898979 5.09902 4.242641 4.898979 5.09902 5.291503 4.472136 4.690416 5 5.09902 4 4.358899 4.690416 5 3.464102 4.123106 4.582576 4.690416
9 7 5.291503 5.567764 5.91608 6.244998 4.690416 4.898979 5 5.09902 3.741657 3.872983 4.582576 5 2.545542 3.451845 4.91172 4.896158 3.464102 4.690416 5.291503 5.656854 4.358899 5.09902 5.744563 6.082763 1.732051 4 4.795832 5.291503 5.09902 5.477226 5.744563 6 3.872983 4.123106 4.472136 4.795832
9 8 4.795832 4.472136 4.472136 4.582576 4.795832 5 5.09902 5.291503 3.464102 3.605551 3.605551 3.162278 2.507244 2.855092 4.457254 5.054012 3.316625 3.464102 4 4.358899 4.795832 5.291503 5.744563 5.830952 4.242641 4.242641 4.242641 4.123106 4.898979 4.795832 5.09902 5.291503 4.242641 4.242641 4.358899 4.358899
9 2 4.358899 4.582576 4.492747 5.29511 4 4.123106 4.242641 4.358899 4.123106 4.242641 4.358899 4.582576 5.31538 6.986843 6.844815 6.112967 3.605551 3.872983 4.123106 4.472136 4.358899 4.582576 4.898979 5.09902 4.358899 4.582576 4.795832 5 3.741657 4 4.242641 4.472136 2.645751 2.828427 4 4.358899
9 3 3.605551 5.196152 5.656854 6 5 5 5.196152 5.385165 2.828427 4.123106 4.795832 5.291503 2 2.645751 3 4.242641 3.162278 4.358899 4.795832 5.09902 3.872983 4.417233 5.291503 5.656854 2.828427 4 5 5.385165 4 4.898979 5.09902 5.567764 1.732051 3.741657 4.795832 5.09902
9 4 4.358899 5 5.477226 6.403124 5.09902 5.09902 5.477226 5.91608 4 4.123106 4.795832 5.477226 1.144271 3.562781 5.210512 5.780702 2 4.582576 5.744563 6.164414 3.464102 4.242641 5.385165 5.656854 2.828427 4.123106 4.797438 4.898979 4.582576 4.795832 4.795832 4.795832 4.690416 4.358899 4.242641 4.242641
9 5 5.567764 5.09902 4.690416 4.472136 5 5 5.09902 5.196152 4.123106 4.472136 4 3.162278 0 1.414214 2 1.654436 3.316625 3.872983 4.358899 4.795832 3 3.872983 4.795832 4.795832 4 3.872983 4 4.242641 4.242641 4.123106 4 4.123106 2.645751 2.645751 3 3.464102
9 6 5.09902 5.196152 5.09902 5.477226 4.898979 4.795832 4.795832 5.291503 4.242641 4.242641 4.690416 5.477226 3 3.316625 4.123106 4.795832 4.898979 5 5 5 6 5.91608 6 6.324555 5.291503 5.656854 5.91608 6 5.744563 5.744563 6 5.91608 1 2 2.645751 2.645751
9 7 4.898979 5.291503 5.567764 5.385165 4.472136 4.582576 4.582576 4.582576 3.741657 4 4.358899 4.582576 4 4.242641 4.690416 4.795832 4.123106 4.472136 4.795832 5.09902 4.898979 4.898979 5 5.291503 5 5.09902 5.09902 5.196152 4.582576 4.690416 4.898979 5 3.605551 3.741657 3.741657 3.741657
9 8 4.690416 5.09902 5.196152 5.385165 4.358899 4.358899 4.472136 4.690416 2.828427 3.316625 4.358899 4.795832 3 3 3.872983 4.358899 2.449490 3.741657 5 5.291503 3 4.472136 5.385165 5.656854 2.236068 3.316625 4.690416 5.291503 3 4.690416 5.291503 5.477226 1.732051 3.605551 4.358899 4.898979
9 2 4.582576 4.898979 5.567764 5.744563 4.582576 4.582576 4.582576 4.795832 3.316625 4 4.358899 4.582576 1.483113 2.043852 3.099656 4.749333 4 4.582576 4.690416 5 4 3.872983 4.582576 4.898979 2.449490 3.741657 4.242641 4.358899 4.242641 4.582576 4.690416 4.795832 4.242641 4.123106 3.872983 3.872983
9 3 3.464102 4.242641 4.582576 4.690416 4.795832 4.582576 4.690416 4.795832 2.449490 2.828427 3.162278 3.464102 1 0 1.732051 2.236068 2.449490 2.645751 3.464102 4 3.741657 3.717045 5 5.09902 2.828427 3.464102 3.872983 4.472136 3.872983 4.242641 4.795832 5.09902 3.316625 3.162278 3.316625 3.872983
9 4 4.582576 5.744563 6.244998 6.78233 5 5.656854 6.244998 6.557439 3.605551 3.741657 4.582576 5.09902 2.449490 3.464102 4.242641 4.582576 4.122165 4.76942 4.242641 5.09902 4.123106 4.582576 5.385165 6.557439 4.898979 5.656854 6.5781 6.480741 4.690416 5.196152 6.082763 6.480741 3.872983 4.123106 4.242641 5.291503
9 5 4.795832 4.898979 5.291503 5.656854 4.358899 4.358899 4.582576 4.898979 3.872983 4.358899 4.472136 4.795832 2.236068 3.605551 4.582576 4.898979 3.464102 4.582576 5.196152 5.385165 4.690416 5.09902 5.477226 5.830952 4.472136 4.898979 5.291503 5.477226 4 4.242641 4.582576 4.795832 2.449490 3.872983 4.358899 4.690416
9 6 5.291503 5.656854 5.830952 6 4.898979 4.898979 5 5.196152 3.162278 3.464102 4.795832 5.291503 1 2 2.449490 4.472136 2.828427 3.872983 4.795832 5.656854 4.358899 4.795832 5.567764 5.830952 3 3.872983 5.09902 5.385165 4.898979 5.196152 5.477226 5.91608 4.582576 4.582576 4.690416 4.898979
9 7 3.872983 4.898979 5.567764 6.244998 5.567764 5.656854 5.744563 5.744563 3.605551 4.690416 5.291503 5 1.414214 2.236068 3.872983 5.09902 3.316625 3.741657 5.09902 5.744563 3 4.472136 5.830952 6.244998 2.449490 4 5.291503 6.480741 4.690416 5.291503 5.744563 6.244998 4.582576 5 5.09902 5.477226
